0 0
0.5 0.309017
1 0.587785
1.5 0.809017
2 0.951057
2.5 1
3 0.951057
3.5 0.809017
4 0.587785
4.5 0.309017
5 1.22465e-16
5.5 -0.309017
6 -0.587785
6.5 -0.809017
7 -0.951057
7.5 -1
8 -0.951057
8.5 -0.809017
9 -0.587785
9.5 -0.309017
10 -2.44929e-16
10.5 0.309017
11 0.587785
11.5 0.809017
12 0.951057
12.5 1
13 0.951057
13.5 0.809017
14 0.587785
14.5 0.309017
15 3.67394e-16
15.5 -0.309017
16 -0.587785
16.5 -0.809017
17 -0.951057
17.5 -1
18 -0.951057
18.5 -0.809017
19 -0.587785
19.5 -0.309017
20 -4.89859e-16


0 -0.339919
0.5 -0.0325654
1 0.277976
1.5 0.561307
2 0.789693
2.5 0.940778
3 0.999774
3.5 0.960905
4 0.827976
4.5 0.613998
5 0.339919
5.5 0.0325654
6 -0.277976
6.5 -0.561307
7 -0.789693
7.5 -0.940778
8 -0.999774
8.5 -0.960905
9 -0.827976
9.5 -0.613998
10 -0.339919
10.5 -0.0325654
11 0.277976
11.5 0.561307
12 0.789693
12.5 0.940778
13 0.999774
13.5 0.960905
14 0.827976
14.5 0.613998
15 0.339919
15.5 0.0325654
16 -0.277976
16.5 -0.561307
17 -0.789693
17.5 -0.940778
18 -0.999774
18.5 -0.960905
19 -0.827976
19.5 -0.613998
20 -0.339919


0 -0.639576
0.5 -0.370479
1 -0.065116
1.5 0.246621
2 0.534216
2.5 0.769519
3 0.929496
3.5 0.998488
4 0.96974
4.5 0.846068
5 0.639576
5.5 0.370479
6 0.065116
6.5 -0.246621
7 -0.534216
7.5 -0.769519
8 -0.929496
8.5 -0.998488
9 -0.96974
9.5 -0.846068
10 -0.639576
10.5 -0.370479
11 -0.065116
11.5 0.246621
12 0.534216
12.5 0.769519
13 0.929496
13.5 0.998488
14 0.96974
14.5 0.846068
15 0.639576
15.5 0.370479
16 0.065116
16.5 -0.246621
17 -0.534216
17.5 -0.769519
18 -0.929496
18.5 -0.998488
19 -0.96974
19.5 -0.846068
20 -0.639576


0 -0.863274
0.5 -0.664492
1 -0.400664
1.5 -0.0976175
2 0.214985
2.5 0.506543
3 0.748517
3.5 0.917221
4 0.996142
4.5 0.977552
5 0.863274
5.5 0.664492
6 0.400664
6.5 0.0976175
7 -0.214985
7.5 -0.506543
8 -0.748517
8.5 -0.917221
9 -0.996142
9.5 -0.977552
10 -0.863274
10.5 -0.664492
11 -0.400664
11.5 -0.0976175
12 0.214985
12.5 0.506543
13 0.748517
13.5 0.917221
14 0.996142
14.5 0.977552
15 0.863274
15.5 0.664492
16 0.400664
16.5 0.0976175
17 -0.214985
17.5 -0.506543
18 -0.748517
18.5 -0.917221
19 -0.996142
19.5 -0.977552
20 -0.863274


0 -0.984333
0.5 -0.879574
1 -0.688717
1.5 -0.430444
2 -0.130035
2.5 0.183102
3 0.478316
3.5 0.726709
4 0.903966
4.5 0.992738
5 0.984333
5.5 0.879574
6 0.688717
6.5 0.430444
7 0.130035
7.5 -0.183102
8 -0.478316
8.5 -0.726709
9 -0.903966
9.5 -0.992738
10 -0.984333
10.5 -0.879574
11 -0.688717
11.5 -0.430444
12 -0.130035
12.5 0.183102
13 0.478316
13.5 0.726709
14 0.903966
14.5 0.992738
15 0.984333
15.5 0.879574
16 0.688717
16.5 0.430444
17 0.130035
17.5 -0.183102
18 -0.478316
18.5 -0.726709
19 -0.903966
19.5 -0.992738
20 -0.984333


0 -0.988279
0.5 -0.990073
1 -0.894952
1.5 -0.712227
2 -0.459784
2.5 -0.162335
3 0.151005
3.5 0.449564
4 0.704116
4.5 0.889745
5 0.988279
5.5 0.990073
6 0.894952
6.5 0.712227
7 0.459784
7.5 0.162335
8 -0.151005
8.5 -0.449564
9 -0.704116
9.5 -0.889745
10 -0.988279
10.5 -0.990073
11 -0.894952
11.5 -0.712227
12 -0.459784
12.5 -0.162335
13 0.151005
13.5 0.449564
14 0.704116
14.5 0.889745
15 0.988279
15.5 0.990073
16 0.894952
16.5 0.712227
17 0.459784
17.5 0.162335
18 -0.151005
18.5 -0.449564
19 -0.704116
19.5 -0.889745
20 -0.988279


0 -0.874571
0.5 -0.982769
1 -0.994767
1.5 -0.90939
2 -0.734996
2.5 -0.488655
3 -0.194482
3.5 0.118729
4 0.420318
4.5 0.680763
5 0.874571
5.5 0.982769
6 0.994767
6.5 0.90939
7 0.734996
7.5 0.488655
8 0.194482
8.5 -0.118729
9 -0.420318
9.5 -0.680763
10 -0.874571
10.5 -0.982769
11 -0.994767
11.5 -0.90939
12 -0.734996
12.5 -0.488655
13 -0.194482
13.5 0.118729
14 0.420318
14.5 0.680763
15 0.874571
15.5 0.982769
16 0.994767
16.5 0.90939
17 0.734996
17.5 0.488655
18 0.194482
18.5 -0.118729
19 -0.420318
19.5 -0.680763
20 -0.874571


0 -0.656674
0.5 -0.85846
1 -0.976213
1.5 -0.998409
2 -0.922872
2.5 -0.756999
3 -0.517026
3.5 -0.226442
4 0.0863075
4.5 0.390608
5 0.656674
5.5 0.85846
6 0.976213
6.5 0.998409
7 0.922872
7.5 0.756999
8 0.517026
8.5 0.226442
9 -0.0863075
9.5 -0.390608
10 -0.656674
10.5 -0.85846
11 -0.976213
11.5 -0.998409
12 -0.922872
12.5 -0.756999
13 -0.517026
13.5 -0.226442
14 0.0863075
14.5 0.390608
15 0.656674
15.5 0.85846
16 0.976213
16.5 0.998409
17 0.922872
17.5 0.756999
18 0.517026
18.5 0.226442
19 -0.0863075
19.5 -0.390608
20 -0.656674


0 -0.360467
0.5 -0.631874
1 -0.841429
1.5 -0.968619
2 -1.00099
2.5 -0.935384
3 -0.778213
3.5 -0.544865
4 -0.258182
4.5 0.0537744
5 0.360467
5.5 0.631874
6 0.841429
6.5 0.968619
7 1.00099
7.5 0.935384
8 0.778213
8.5 0.544865
9 0.258182
9.5 -0.0537744
10 -0.360467
10.5 -0.631874
11 -0.841429
11.5 -0.968619
12 -1.00099
12.5 -0.935384
13 -0.778213
13.5 -0.544865
14 -0.258182
14.5 0.0537744
15 0.360467
15.5 0.631874
16 0.841429
16.5 0.968619
17 1.00099
17.5 0.935384
18 0.778213
18.5 0.544865
19 0.258182
19.5 -0.0537744
20 -0.360467


0 -0.0211645
0.5 -0.329924
1 -0.606388
1.5 -0.823495
2 -0.959992
2.5 -1.00252
3 -0.946912
3.5 -0.798614
4 -0.572143
4.5 -0.289667
5 0.0211645
5.5 0.329924
6 0.606388
6.5 0.823495
7 0.959992
7.5 1.00252
8 0.946912
8.5 0.798614
9 0.572143
9.5 0.289667
10 -0.0211645
10.5 -0.329924
11 -0.606388
11.5 -0.823495
12 -0.959992
12.5 -1.00252
13 -0.946912
13.5 -0.798614
14 -0.572143
14.5 -0.289667
15 0.0211645
15.5 0.329924
16 0.606388
16.5 0.823495
17 0.959992
17.5 1.00252
18 0.946912
18.5 0.798614
19 0.572143
19.5 0.289667
20 -0.0211645


0 0.320864
0.5 0.0114877
1 -0.299013
1.5 -0.580244
2 -0.804677
2.5 -0.950342
3 -1.00298
3.5 -0.957442
4 -0.818181
4.5 -0.598831
5 -0.320864
5.5 -0.0114877
6 0.299013
6.5 0.580244
7 0.804677
7.5 0.950342
8 1.00298
8.5 0.957442
9 0.818181
9.5 0.598831
10 0.320864
10.5 0.0114877
11 -0.299013
11.5 -0.580244
12 -0.804677
12.5 -0.950342
13 -1.00298
13.5 -0.957442
14 -0.818181
14.5 -0.598831
15 -0.320864
15.5 -0.0114877
16 0.299013
16.5 0.580244
17 0.804677
17.5 0.950342
18 1.00298
18.5 0.957442
19 0.818181
19.5 0.598831
20 0.320864


0 0.624901
0.5 0.351739
1 0.0441475
1.5 -0.267766
2 -0.553468
2.5 -0.784994
3 -0.939678
3.5 -1.00238
4 -0.966963
4.5 -0.836892
5 -0.624901
5.5 -0.351739
6 -0.0441475
6.5 0.267766
7 0.553468
7.5 0.784994
8 0.939678
8.5 1.00238
9 0.966963
9.5 0.836892
10 0.624901
10.5 0.351739
11 0.0441475
11.5 -0.267766
12 -0.553468
12.5 -0.784994
13 -0.939678
13.5 -1.00238
14 -0.966963
14.5 -0.836892
15 -0.624901
15.5 -0.351739
16 -0.0441475
16.5 0.267766
17 0.553468
17.5 0.784994
18 0.939678
18.5 1.00238
19 0.966963
19.5 0.836892
20 0.624901


0 0.854727
0.5 0.650323
1 0.382261
1.5 0.0767805
2 -0.236216
2.5 -0.52609
3 -0.764466
3.5 -0.928011
4 -1.00072
4.5 -0.975464
5 -0.854727
5.5 -0.650323
6 -0.382261
6.5 -0.0767805
7 0.236216
7.5 0.52609
8 0.764466
8.5 0.928011
9 1.00072
9.5 0.975464
10 0.854727
10.5 0.650323
11 0.382261
11.5 0.0767805
12 -0.236216
12.5 -0.52609
13 -0.764466
13.5 -0.928011
14 -1.00072
14.5 -0.975464
15 -0.854727
15.5 -0.650323
16 -0.382261
16.5 -0.0767805
17 0.236216
17.5 0.52609
18 0.764466
18.5 0.928011
19 1.00072
19.5 0.975464
20 0.854727


0 0.982936
0.5 0.871666
1 0.675071
1.5 0.412396
2 0.109352
2.5 -0.204396
3 -0.498136
3.5 -0.743115
4 -0.915353
4.5 -0.99799
5 -0.982936
5.5 -0.871666
6 -0.675071
6.5 -0.412396
7 -0.109352
7.5 0.204396
8 0.498136
8.5 0.743115
9 0.915353
9.5 0.99799
10 0.982936
10.5 0.871666
11 0.675071
11.5 0.412396
12 0.109352
12.5 -0.204396
13 -0.498136
13.5 -0.743115
14 -0.915353
14.5 -0.99799
15 -0.982936
15.5 -0.871666
16 -0.675071
16.5 -0.412396
17 -0.109352
17.5 0.204396
18 0.498136
18.5 0.743115
19 0.915353
19.5 0.99799
20 0.982936


0 0.994203
0.5 0.989371
1 0.887691
1.5 0.699119
2 0.442111
2.5 0.141827
3 -0.17234
3.5 -0.469638
4 -0.720964
4.5 -0.901717
5 -0.994203
5.5 -0.989371
6 -0.887691
6.5 -0.699119
7 -0.442111
7.5 -0.141827
8 0.17234
8.5 0.469638
9 0.720964
9.5 0.901717
10 0.994203
10.5 0.989371
11 0.887691
11.5 0.699119
12 0.442111
12.5 0.141827
13 -0.17234
13.5 -0.469638
14 -0.720964
14.5 -0.901717
15 -0.994203
15.5 -0.989371
16 -0.887691
16.5 -0.699119
17 -0.442111
17.5 -0.141827
18 0.17234
18.5 0.469638
19 0.720964
19.5 0.901717
20 0.994203


0 0.887115
0.5 0.98936
1 0.994759
1.5 0.902785
2 0.722439
2.5 0.471376
3 0.174172
3.5 -0.140082
4 -0.440624
4.5 -0.698034
5 -0.887115
5.5 -0.98936
6 -0.994759
6.5 -0.902785
7 -0.722439
7.5 -0.471376
8 -0.174172
8.5 0.140082
9 0.440624
9.5 0.698034
10 0.887115
10.5 0.98936
11 0.994759
11.5 0.902785
12 0.722439
12.5 0.471376
13 0.174172
13.5 -0.140082
14 -0.440624
14.5 -0.698034
15 -0.887115
15.5 -0.98936
16 -0.994759
16.5 -0.902785
17 -0.722439
17.5 -0.471376
18 -0.174172
18.5 0.140082
19 0.440624
19.5 0.698034
20 0.887115


0 0.674349
0.5 0.871564
1 0.983465
1.5 0.999097
2 0.91693
2.5 0.745008
3 0.500159
3.5 0.206351
4 -0.107656
4.5 -0.411124
5 -0.674349
5.5 -0.871564
6 -0.983465
6.5 -0.999097
7 -0.91693
7.5 -0.745008
8 -0.500159
8.5 -0.206351
9 0.107656
9.5 0.411124
10 0.674349
10.5 0.871564
11 0.983465
11.5 0.999097
12 0.91693
12.5 0.745008
13 0.500159
13.5 0.206351
14 -0.107656
14.5 -0.411124
15 -0.674349
15.5 -0.871564
16 -0.983465
16.5 -0.999097
17 -0.91693
17.5 -0.745008
18 -0.500159
18.5 -0.206351
19 0.107656
19.5 0.411124
20 0.674349


0 0.381171
0.5 0.649936
1 0.85508
1.5 0.976523
2 1.00238
2.5 0.930111
3 0.7668
3.5 0.528429
4 0.238331
4.5 -0.0750954
5 -0.381171
5.5 -0.649936
6 -0.85508
6.5 -0.976523
7 -1.00238
7.5 -0.930111
8 -0.7668
8.5 -0.528429
9 -0.238331
9.5 0.0750954
10 0.381171
10.5 0.649936
11 0.85508
11.5 0.976523
12 1.00238
12.5 0.930111
13 0.7668
13.5 0.528429
14 0.238331
14.5 -0.0750954
15 -0.381171
15.5 -0.649936
16 -0.85508
16.5 -0.976523
17 -1.00238
17.5 -0.930111
18 -0.7668
18.5 -0.528429
19 -0.238331
19.5 0.0750954
20 0.381171


0 0.0424357
0.5 0.350796
1 0.624818
1.5 0.837678
2 0.968541
2.5 1.0046
3 0.942314
3.5 0.787792
4 0.556155
4.5 0.270078
5 -0.0424357
5.5 -0.350796
6 -0.624818
6.5 -0.837678
7 -0.968541
7.5 -1.0046
8 -0.942314
8.5 -0.787792
9 -0.556155
9.5 -0.270078
10 0.0424357
10.5 0.350796
11 0.624818
11.5 0.837678
12 0.968541
12.5 1.0046
13 0.942314
13.5 0.787792
14 0.556155
14.5 0.270078
15 -0.0424357
15.5 -0.350796
16 -0.624818
16.5 -0.837678
17 -0.968541
17.5 -1.0046
18 -0.942314
18.5 -0.787792
19 -0.556155
19.5 -0.270078
20 0.0424357


0 -0.301558
0.5 0.00971105
1 0.32003
1.5 0.599022
2 0.819377
2.5 0.959527
3 1.00575
3.5 0.953525
4 0.807961
4.5 0.583309
5 0.301558
5.5 -0.00971105
6 -0.32003
6.5 -0.599022
7 -0.819377
7.5 -0.959527
8 -1.00575
8.5 -0.953525
9 -0.807961
9.5 -0.583309
10 -0.301558
10.5 0.00971105
11 0.32003
11.5 0.599022
12 0.819377
12.5 0.959527
13 1.00575
13.5 0.953525
14 0.807961
14.5 0.583309
15 0.301558
15.5 -0.00971105
16 -0.32003
16.5 -0.599022
17 -0.819377
17.5 -0.959527
18 -1.00575
18.5 -0.953525
19 -0.807961
19.5 -0.583309
20 -0.301558


0 -0.609861
0.5 -0.332737
1 -0.0230438
1.5 0.288906
2 0.572575
2.5 0.800197
3 0.949489
3.5 1.00584
4 0.963731
4.5 0.827286
5 0.609861
5.5 0.332737
6 0.0230438
6.5 -0.288906
7 -0.572575
7.5 -0.800197
8 -0.949489
8.5 -1.00584
9 -0.963731
9.5 -0.827286
10 -0.609861
10.5 -0.332737
11 -0.0230438
11.5 0.288906
12 0.572575
12.5 0.800197
13 0.949489
13.5 1.00584
14 0.963731
14.5 0.827286
15 0.609861
15.5 0.332737
16 0.0230438
16.5 -0.288906
17 -0.572575
17.5 -0.800197
18 -0.949489
18.5 -1.00584
19 -0.963731
19.5 -0.827286
20 -0.609861


0 -0.845745
0.5 -0.635781
1 -0.363583
1.5 -0.0557941
2 0.257456
2.5 0.545505
3 0.780155
3.5 0.938439
4 1.00486
4.5 0.972922
5 0.845745
5.5 0.635781
6 0.363583
6.5 0.0557941
7 -0.257456
7.5 -0.545505
8 -0.780155
8.5 -0.938439
9 -1.00486
9.5 -0.972922
10 -0.845745
10.5 -0.635781
11 -0.363583
11.5 -0.0557941
12 0.257456
12.5 0.545505
13 0.780155
13.5 0.938439
14 1.00486
14.5 0.972922
15 0.845745
15.5 0.635781
16 0.363583
16.5 0.0557941
17 -0.257456
17.5 -0.545505
18 -0.780155
18.5 -0.938439
19 -1.00486
19.5 -0.972922
20 -0.845745


0 -0.981086
0.5 -0.863319
1 -0.661044
1.5 -0.394061
2 -0.0885052
2.5 0.225714
3 0.517839
3.5 0.759275
4 0.926387
4.5 1.00282
5 0.981086
5.5 0.863319
6 0.661044
6.5 0.394061
7 0.0885052
7.5 -0.225714
8 -0.517839
8.5 -0.759275
9 -0.926387
9.5 -1.00282
10 -0.981086
10.5 -0.863319
11 -0.661044
11.5 -0.394061
12 -0.0885052
12.5 0.225714
13 0.517839
13.5 0.759275
14 0.926387
14.5 1.00282
15 0.981086
15.5 0.863319
16 0.661044
16.5 0.394061
17 0.0885052
17.5 -0.225714
18 -0.517839
18.5 -0.759275
19 -0.926387
19.5 -1.00282
20 -0.981086


0 -0.999709
0.5 -0.988215
1 -0.879987
1.5 -0.685621
2 -0.42414
2.5 -0.121142
3 0.193714
3.5 0.489608
4 0.737576
4.5 0.913345
5 0.999709
5.5 0.988215
6 0.879987
6.5 0.685621
7 0.42414
7.5 0.121142
8 -0.193714
8.5 -0.489608
9 -0.737576
9.5 -0.913345
10 -0.999709
10.5 -0.988215
11 -0.879987
11.5 -0.685621
12 -0.42414
12.5 -0.121142
13 0.193714
13.5 0.489608
14 0.737576
14.5 0.913345
15 0.999709
15.5 0.988215
16 0.879987
16.5 0.685621
17 0.42414
17.5 0.121142
18 -0.193714
18.5 -0.489608
19 -0.737576
19.5 -0.913345
20 -0.999709


0 -0.899326
0.5 -0.995538
1 -0.9943
1.5 -0.895733
2 -0.709485
2.5 -0.453788
3 -0.153671
3.5 0.161488
4 0.46084
4.5 0.715082
5 0.899326
5.5 0.995538
6 0.9943
6.5 0.895733
7 0.709485
7.5 0.453788
8 0.153671
8.5 -0.161488
9 -0.46084
9.5 -0.715082
10 -0.899326
10.5 -0.995538
11 -0.9943
11.5 -0.895733
12 -0.709485
12.5 -0.453788
13 -0.153671
13.5 0.161488
14 0.46084
14.5 0.715082
15 0.899326
15.5 0.995538
16 0.9943
16.5 0.895733
17 0.709485
17.5 0.453788
18 0.153671
18.5 -0.161488
19 -0.46084
19.5 -0.715082
20 -0.899326


0 -0.691816
0.5 -0.884345
1 -0.990309
1.5 -0.999334
2 -0.910538
2.5 -0.732612
3 -0.482972
3.5 -0.186056
4 0.129072
4.5 0.431566
5 0.691816
5.5 0.884345
6 0.990309
6.5 0.999334
7 0.910538
7.5 0.732612
8 0.482972
8.5 0.186056
9 -0.129072
9.5 -0.431566
10 -0.691816
10.5 -0.884345
11 -0.990309
11.5 -0.999334
12 -0.910538
12.5 -0.732612
13 -0.482972
13.5 -0.186056
14 0.129072
14.5 0.431566
15 0.691816
15.5 0.884345
16 0.990309
16.5 0.999334
17 0.910538
17.5 0.732612
18 0.482972
18.5 0.186056
19 -0.129072
19.5 -0.431566
20 -0.691816


0 -0.401817
0.5 -0.667802
1 -0.868417
1.5 -0.984026
2 -1.00331
2.5 -0.924386
3 -0.754975
3.5 -0.511662
4 -0.218264
4.5 0.0964994
5 0.401817
5.5 0.667802
6 0.868417
6.5 0.984026
7 1.00331
7.5 0.924386
8 0.754975
8.5 0.511662
9 0.218264
9.5 -0.0964994
10 -0.401817
10.5 -0.667802
11 -0.868417
11.5 -0.984026
12 -1.00331
12.5 -0.924386
13 -0.754975
13.5 -0.511662
14 -0.218264
14.5 0.0964994
15 0.401817
15.5 0.667802
16 0.868417
16.5 0.984026
17 1.00331
17.5 0.924386
18 0.754975
18.5 0.511662
19 0.218264
19.5 -0.0964994
20 -0.401817


0 -0.0638043
0.5 -0.371623
1 -0.643065
1.5 -0.851559
2 -0.976696
2.5 -1.00623
3 -0.937263
3.5 -0.776552
4 -0.539827
4.5 -0.25026
5 0.0638043
5.5 0.371623
6 0.643065
6.5 0.851559
7 0.976696
7.5 1.00623
8 0.937263
8.5 0.776552
9 0.539827
9.5 0.25026
10 -0.0638043
10.5 -0.371623
11 -0.643065
11.5 -0.851559
12 -0.976696
12.5 -1.00623
13 -0.937263
13.5 -0.776552
14 -0.539827
14.5 -0.25026
15 0.0638043
15.5 0.371623
16 0.643065
16.5 0.851559
17 0.976696
17.5 1.00623
18 0.937263
18.5 0.776552
19 0.539827
19.5 0.25026
20 -0.0638043


0 0.28201
0.5 -0.0310217
1 -0.341017
1.5 -0.617631
2 -0.833787
2.5 -0.968326
3 -1.00808
3.5 -0.949153
4 -0.797318
4.5 -0.567436
5 -0.28201
5.5 0.0310217
6 0.341017
6.5 0.617631
7 0.833787
7.5 0.968326
8 1.00808
8.5 0.949153
9 0.797318
9.5 0.567436
10 0.28201
10.5 -0.0310217
11 -0.341017
11.5 -0.617631
12 -0.833787
12.5 -0.968326
13 -1.00808
13.5 -0.949153
14 -0.797318
14.5 -0.567436
15 -0.28201
15.5 0.0310217
16 0.341017
16.5 0.617631
17 0.833787
17.5 0.968326
18 1.00808
18.5 0.949153
19 0.797318
19.5 0.567436
20 0.28201


0 0.594461
0.5 0.31348
1 0.00181371
1.5 -0.31003
2 -0.591526
2.5 -0.815119
3 -0.958923
3.5 -1.00886
4 -0.960044
4.5 -0.817252
5 -0.594461
5.5 -0.31348
6 -0.00181371
6.5 0.31003
7 0.591526
7.5 0.815119
8 0.958923
8.5 1.00886
9 0.960044
9.5 0.817252
10 0.594461
10.5 0.31348
11 0.00181371
11.5 -0.31003
12 -0.591526
12.5 -0.815119
13 -0.958923
13.5 -1.00886
14 -0.960044
14.5 -0.817252
15 -0.594461
15.5 -0.31348
16 -0.00181371
16.5 0.31003
17 0.591526
17.5 0.815119
18 0.958923
18.5 1.00886
19 0.960044
19.5 0.817252
20 0.594461


0 0.83633
0.5 0.620871
1 0.344637
1.5 0.0346672
2 -0.278696
2.5 -0.564778
3 -0.795576
3.5 -0.948498
4 -1.00857
4.5 -0.969923
5 -0.83633
5.5 -0.620871
6 -0.344637
6.5 -0.0346672
7 0.278696
7.5 0.564778
8 0.795576
8.5 0.948498
9 1.00857
9.5 0.969923
10 0.83633
10.5 0.620871
11 0.344637
11.5 0.0346672
12 -0.278696
12.5 -0.564778
13 -0.795576
13.5 -0.948498
14 -1.00857
14.5 -0.969923
15 -0.83633
15.5 -0.620871
16 -0.344637
16.5 -0.0346672
17 0.278696
17.5 0.564778
18 0.795576
18.5 0.948498
19 1.00857
19.5 0.969923
20 0.83633


0 0.97878
0.5 0.854533
1 0.646639
1.5 0.375447
2 0.067504
2.5 -0.247047
3 -0.537415
3.5 -0.775178
4 -0.93706
4.5 -1.00722
5 -0.97878
5.5 -0.854533
6 -0.646639
6.5 -0.375447
7 -0.067504
7.5 0.247047
8 0.537415
8.5 0.775178
9 0.93706
9.5 1.00722
10 0.97878
10.5 0.854533
11 0.646639
11.5 0.375447
12 0.067504
12.5 -0.247047
13 -0.537415
13.5 -0.775178
14 -0.93706
14.5 -1.00722
15 -0.97878
15.5 -0.854533
16 -0.646639
16.5 -0.375447
17 -0.067504
17.5 0.247047
18 0.537415
18.5 0.775178
19 0.93706
19.5 1.00722
20 0.97878


0 1.00479
0.5 0.986604
1 0.871841
1.5 0.671737
2 0.405878
2.5 0.100289
3 -0.215117
3.5 -0.509466
4 -0.753945
4.5 -0.924622
5 -1.00479
5.5 -0.986604
6 -0.871841
6.5 -0.671737
7 -0.405878
7.5 -0.100289
8 0.215117
8.5 0.509466
9 0.753945
9.5 0.924622
10 1.00479
10.5 0.986604
11 0.871841
11.5 0.671737
12 0.405878
12.5 0.100289
13 -0.215117
13.5 -0.509466
14 -0.753945
14.5 -0.924622
15 -1.00479
15.5 -0.986604
16 -0.871841
16.5 -0.671737
17 -0.405878
17.5 -0.100289
18 0.215117
18.5 0.509466
19 0.753945
19.5 0.924622
20 1.00479


0 0.911196
0.5 1.0013
1 0.993387
1.5 0.888235
2 0.696138
2.5 0.435897
3 0.132988
3.5 -0.182939
4 -0.480959
4.5 -0.731899
5 -0.911196
5.5 -1.0013
6 -0.993387
6.5 -0.888235
7 -0.696138
7.5 -0.435897
8 -0.132988
8.5 0.182939
9 0.480959
9.5 0.731899
10 0.911196
10.5 1.0013
11 0.993387
11.5 0.888235
12 0.696138
12.5 0.435897
13 0.132988
13.5 -0.182939
14 -0.480959
14.5 -0.731899
15 -0.911196
15.5 -1.0013
16 -0.993387
16.5 -0.888235
17 -0.696138
17.5 -0.435897
18 -0.132988
18.5 0.182939
19 0.480959
19.5 0.731899
20 0.911196


0 0.709063
0.5 0.896794
1 0.996741
1.5 0.99912
2 0.903697
2.5 0.719815
3 0.465472
3.5 0.165565
4 -0.150548
4.5 -0.451924
5 -0.709063
5.5 -0.896794
6 -0.996741
6.5 -0.99912
7 -0.903697
7.5 -0.719815
8 -0.465472
8.5 -0.165565
9 0.150548
9.5 0.451924
10 0.709063
10.5 0.896794
11 0.996741
11.5 0.99912
12 0.903697
12.5 0.719815
13 0.465472
13.5 0.165565
14 -0.150548
14.5 -0.451924
15 -0.709063
15.5 -0.896794
16 -0.996741
16.5 -0.99912
17 -0.903697
17.5 -0.719815
18 -0.465472
18.5 -0.165565
19 0.150548
19.5 0.451924
20 0.709063


0 0.422393
0.5 0.685462
1 0.881434
1.5 0.991124
2 1.0038
2.5 0.91821
3 0.742743
3.5 0.494571
4 0.197987
4.5 -0.117977
5 -0.422393
5.5 -0.685462
6 -0.881434
6.5 -0.991124
7 -1.0038
7.5 -0.91821
8 -0.742743
8.5 -0.494571
9 -0.197987
9.5 0.117977
10 0.422393
10.5 0.685462
11 0.881434
11.5 0.991124
12 1.0038
12.5 0.91821
13 0.742743
13.5 0.494571
14 0.197987
14.5 -0.117977
15 -0.422393
15.5 -0.685462
16 -0.881434
16.5 -0.991124
17 -1.0038
17.5 -0.91821
18 -0.742743
18.5 -0.494571
19 -0.197987
19.5 0.117977
20 0.422393


0 0.0852614
0.5 0.392396
1 0.66112
1.5 0.865129
2 0.984453
2.5 1.00741
3 0.931758
3.5 0.764898
4 0.523164
4.5 0.230219
5 -0.0852614
5.5 -0.392396
6 -0.66112
6.5 -0.865129
7 -0.984453
7.5 -1.00741
8 -0.931758
8.5 -0.764898
9 -0.523164
9.5 -0.230219
10 0.0852614
10.5 0.392396
11 0.66112
11.5 0.865129
12 0.984453
12.5 1.00741
13 0.931758
13.5 0.764898
14 0.523164
14.5 0.230219
15 -0.0852614
15.5 -0.392396
16 -0.66112
16.5 -0.865129
17 -0.984453
17.5 -1.00741
18 -0.931758
18.5 -0.764898
19 -0.523164
19.5 -0.230219
20 0.0852614


0 -0.262226
0.5 0.0524354
1 0.361964
1.5 0.636061
2 0.847896
2.5 0.976733
3 1.00996
3.5 0.944326
4 0.786255
4.5 0.551219
5 0.262226
5.5 -0.0524354
6 -0.361964
6.5 -0.636061
7 -0.847896
7.5 -0.976733
8 -1.00996
8.5 -0.944326
9 -0.786255
9.5 -0.551219
10 -0.262226
10.5 0.0524354
11 0.361964
11.5 0.636061
12 0.847896
12.5 0.976733
13 1.00996
13.5 0.944326
14 0.786255
14.5 0.551219
15 0.262226
15.5 -0.0524354
16 -0.361964
16.5 -0.636061
17 -0.847896
17.5 -0.976733
18 -1.00996
18.5 -0.944326
19 -0.786255
19.5 -0.551219
20 -0.262226


0 -0.578706
0.5 -0.293974
1 0.0195338
1.5 0.33113
2 0.610313
2.5 0.829754
3 0.967973
3.5 1.01144
4 0.9559
4.5 0.806791
5 0.578706
5.5 0.293974
6 -0.0195338
6.5 -0.33113
7 -0.610313
7.5 -0.829754
8 -0.967973
8.5 -1.01144
9 -0.9559
9.5 -0.806791
10 -0.578706
10.5 -0.293974
11 0.0195338
11.5 0.33113
12 0.610313
12.5 0.829754
13 0.967973
13.5 1.01144
14 0.9559
14.5 0.806791
15 0.578706
15.5 0.293974
16 -0.0195338
16.5 -0.33113
17 -0.610313
17.5 -0.829754
18 -0.967973
18.5 -1.01144
19 -0.9559
19.5 -0.806791
20 -0.578706


0 -0.826483
0.5 -0.605597
1 -0.32543
1.5 -0.0134086
2 0.299926
2.5 0.583901
3 0.810721
3.5 0.958181
4 1.01185
4.5 0.966468
5 0.826483
5.5 0.605597
6 0.32543
6.5 0.0134086
7 -0.299926
7.5 -0.583901
8 -0.810721
8.5 -0.958181
9 -1.01185
9.5 -0.966468
10 -0.826483
10.5 -0.605597
11 -0.32543
11.5 -0.0134086
12 0.299926
12.5 0.583901
13 0.810721
13.5 0.958181
14 1.01185
14.5 0.966468
15 0.826483
15.5 0.605597
16 0.32543
16.5 0.0134086
17 -0.299926
17.5 -0.583901
18 -0.810721
18.5 -0.958181
19 -1.01185
19.5 -0.966468
20 -0.826483


0 -0.976017
0.5 -0.845312
1 -0.631861
1.5 -0.35656
2 -0.0463567
2.5 0.268385
3 0.556855
3.5 0.790816
4 0.947367
4.5 1.01118
5 0.976017
5.5 0.845312
6 0.631861
6.5 0.35656
7 0.0463567
7.5 -0.268385
8 -0.556855
8.5 -0.790816
9 -0.947367
9.5 -1.01118
10 -0.976017
10.5 -0.845312
11 -0.631861
11.5 -0.35656
12 -0.0463567
12.5 0.268385
13 0.556855
13.5 0.790816
14 0.947367
14.5 1.01118
15 0.976017
15.5 0.845312
16 0.631861
16.5 0.35656
17 0.0463567
17.5 -0.268385
18 -0.556855
18.5 -0.790816
19 -0.947367
19.5 -1.01118
20 -0.976017


0 -1.00944
0.5 -0.984536
1 -0.863255
1.5 -0.657472
2 -0.387331
2.5 -0.0792758
3 0.23654
3.5 0.529201
4 0.77006
4.5 0.935541
5 1.00944
5.5 0.984536
6 0.863255
6.5 0.657472
7 0.387331
7.5 0.0792758
8 -0.23654
8.5 -0.529201
9 -0.77006
9.5 -0.935541
10 -1.00944
10.5 -0.984536
11 -0.863255
11.5 -0.657472
12 -0.387331
12.5 -0.0792758
13 0.23654
13.5 0.529201
14 0.77006
14.5 0.935541
15 1.00944
15.5 0.984536
16 0.863255
16.5 0.657472
17 0.387331
17.5 0.0792758
18 -0.23654
18.5 -0.529201
19 -0.77006
19.5 -0.935541
20 -1.00944


0 -0.922716
0.5 -1.00663
1 -0.992017
1.5 -0.880293
2 -0.682401
2.5 -0.41771
3 -0.112131
3.5 0.204424
4 0.500969
4.5 0.748476
5 0.922716
5.5 1.00663
6 0.992017
6.5 0.880293
7 0.682401
7.5 0.41771
8 0.112131
8.5 -0.204424
9 -0.500969
9.5 -0.748476
10 -0.922716
10.5 -1.00663
11 -0.992017
11.5 -0.880293
12 -0.682401
12.5 -0.41771
13 -0.112131
13.5 0.204424
14 0.500969
14.5 0.748476
15 0.922716
15.5 1.00663
16 0.992017
16.5 0.880293
17 0.682401
17.5 0.41771
18 0.112131
18.5 -0.204424
19 -0.500969
19.5 -0.748476
20 -0.922716


0 -0.726084
0.5 -0.908905
1 -1.00276
1.5 -0.99845
2 -0.896409
2.5 -0.706621
3 -0.447664
3.5 -0.144887
4 0.172073
4.5 0.472189
5 0.726084
5.5 0.908905
6 1.00276
6.5 0.99845
7 0.896409
7.5 0.706621
8 0.447664
8.5 0.144887
9 -0.172073
9.5 -0.472189
10 -0.726084
10.5 -0.908905
11 -1.00276
11.5 -0.99845
12 -0.896409
12.5 -0.706621
13 -0.447664
13.5 -0.144887
14 0.172073
14.5 0.472189
15 0.726084
15.5 0.908905
16 1.00276
16.5 0.99845
17 0.896409
17.5 0.706621
18 0.447664
18.5 0.144887
19 -0.172073
19.5 -0.472189
20 -0.726084


0 -0.44289
0.5 -0.702908
1 -0.894121
1.5 -0.997811
2 -1.00383
2.5 -0.911583
3 -0.730106
3.5 -0.477162
4 -0.177509
4.5 0.139519
5 0.44289
5.5 0.702908
6 0.894121
6.5 0.997811
7 1.00383
7.5 0.911583
8 0.730106
8.5 0.477162
9 0.177509
9.5 -0.139519
10 -0.44289
10.5 -0.702908
11 -0.894121
11.5 -0.997811
12 -1.00383
12.5 -0.911583
13 -0.730106
13.5 -0.477162
14 -0.177509
14.5 0.139519
15 0.44289
15.5 0.702908
16 0.894121
16.5 0.997811
17 1.00383
17.5 0.911583
18 0.730106
18.5 0.477162
19 0.177509
19.5 -0.139519
20 -0.44289


0 -0.106798
0.5 -0.413104
1 -0.678973
1.5 -0.87838
2 -0.991805
2.5 -1.00814
3 -0.9258
3.5 -0.752832
4 -0.506171
4.5 -0.209963
5 0.106798
5.5 0.413104
6 0.678973
6.5 0.87838
7 0.991805
7.5 1.00814
8 0.9258
8.5 0.752832
9 0.506171
9.5 0.209963
10 -0.106798
10.5 -0.413104
11 -0.678973
11.5 -0.87838
12 -0.991805
12.5 -1.00814
13 -0.9258
13.5 -0.752832
14 -0.506171
14.5 -0.209963
15 0.106798
15.5 0.413104
16 0.678973
16.5 0.87838
17 0.991805
17.5 1.00814
18 0.9258
18.5 0.752832
19 0.506171
19.5 0.209963
20 -0.106798


0 0.242214
0.5 -0.0739428
1 -0.382862
1.5 -0.654304
2 -0.861698
2.5 -0.984743
3 -1.01139
3.5 -0.939044
4 -0.774773
4.5 -0.534662
5 -0.242214
5.5 0.0739428
6 0.382862
6.5 0.654304
7 0.861698
7.5 0.984743
8 1.01139
8.5 0.939044
9 0.774773
9.5 0.534662
10 0.242214
10.5 -0.0739428
11 -0.382862
11.5 -0.654304
12 -0.861698
12.5 -0.984743
13 -1.01139
13.5 -0.939044
14 -0.774773
14.5 -0.534662
15 -0.242214
15.5 0.0739428
16 0.382862
16.5 0.654304
17 0.861698
17.5 0.984743
18 1.01139
18.5 0.939044
19 0.774773
19.5 0.534662
20 0.242214


0 0.562603
0.5 0.274228
1 -0.0409896
1.5 -0.352195
2 -0.628925
2.5 -0.844092
3 -0.976633
3.5 -1.01357
4 -0.9513
4.5 -0.795906
5 -0.562603
5.5 -0.274228
6 0.0409896
6.5 0.352195
7 0.628925
7.5 0.844092
8 0.976633
8.5 1.01357
9 0.9513
9.5 0.795906
10 0.562603
10.5 0.274228
11 -0.0409896
11.5 -0.352195
12 -0.628925
12.5 -0.844092
13 -0.976633
13.5 -1.01357
14 -0.9513
14.5 -0.795906
15 -0.562603
15.5 -0.274228
16 0.0409896
16.5 0.352195
17 0.628925
17.5 0.844092
18 0.976633
18.5 1.01357
19 0.9513
19.5 0.795906
20 0.562603


0 0.816207
0.5 0.589964
1 0.305971
1.5 -0.00797295
2 -0.321136
2.5 -0.602864
3 -0.82558
3.5 -0.967482
4 -1.01468
4.5 -0.962554
5 -0.816207
5.5 -0.589964
6 -0.305971
6.5 0.00797295
7 0.321136
7.5 0.602864
8 0.82558
8.5 0.967482
9 1.01468
9.5 0.962554
10 0.816207
10.5 0.589964
11 0.305971
11.5 -0.00797295
12 -0.321136
12.5 -0.602864
13 -0.82558
13.5 -0.967482
14 -1.01468
14.5 -0.962554
15 -0.816207
15.5 -0.589964
16 -0.305971
16.5 0.00797295
17 0.321136
17.5 0.602864
18 0.82558
18.5 0.967482
19 1.01468
19.5 0.962554
20 0.816207


0 0.972795
0.5 0.835655
1 0.616716
1.5 0.337408
2 0.0250723
2.5 -0.289718
3 -0.576148
3.5 -0.806181
4 -0.957299
4.5 -1.01471
5 -0.972795
5.5 -0.835655
6 -0.616716
6.5 -0.337408
7 -0.0250723
7.5 0.289718
8 0.576148
8.5 0.806181
9 0.957299
9.5 1.01471
10 0.972795
10.5 0.835655
11 0.616716
11.5 0.337408
12 0.0250723
12.5 -0.289718
13 -0.576148
13.5 -0.806181
14 -0.957299
14.5 -1.01471
15 -0.972795
15.5 -0.835655
16 -0.616716
16.5 -0.337408
17 -0.0250723
17.5 0.289718
18 0.576148
18.5 0.806181
19 0.957299
19.5 1.01471
20 0.972795


0 1.01366
0.5 0.98201
1 0.854229
1.5 0.64283
2 0.368506
2.5 0.0581111
3 -0.257973
3.5 -0.548804
4 -0.785915
4.5 -0.946095
5 -1.01366
5.5 -0.98201
6 -0.854229
6.5 -0.64283
7 -0.368506
7.5 -0.058111
8 0.257973
8.5 0.548804
9 0.785915
9.5 0.946095
10 1.01366
10.5 0.98201
11 0.854229
11.5 0.64283
12 0.368506
12.5 0.0581111
13 -0.257973
13.5 -0.548804
14 -0.785915
14.5 -0.946095
15 -1.01366
15.5 -0.98201
16 -0.854229
16.5 -0.64283
17 -0.368506
17.5 -0.0581111
18 0.257973
18.5 0.548804
19 0.785915
19.5 0.946095
20 1.01366


0 0.933881
0.5 1.01154
1 0.990189
1.5 0.871908
2 0.668278
2.5 0.399233
3 0.0911083
3.5 -0.225935
4 -0.520862
4.5 -0.764803
5 -0.933881
5.5 -1.01154
6 -0.990189
6.5 -0.871908
7 -0.668278
7.5 -0.399233
8 -0.0911083
8.5 0.225935
9 0.520862
9.5 0.764803
10 0.933881
10.5 1.01154
11 0.990189
11.5 0.871908
12 0.668278
12.5 0.399233
13 0.0911083
13.5 -0.225935
14 -0.520862
14.5 -0.764803
15 -0.933881
15.5 -1.01154
16 -0.990189
16.5 -0.871908
17 -0.668278
17.5 -0.399233
18 -0.0911083
18.5 0.225935
19 0.520862
19.5 0.764803
20 0.933881


0 0.742868
0.5 0.920668
1 1.00835
1.5 0.997323
2 0.888673
2.5 0.693033
3 0.429555
3.5 0.124029
4 -0.193638
4.5 -0.49235
5 -0.742868
5.5 -0.920668
6 -1.00835
6.5 -0.997323
7 -0.888673
7.5 -0.693033
8 -0.429555
8.5 -0.124029
9 0.193638
9.5 0.49235
10 0.742868
10.5 0.920668
11 1.00835
11.5 0.997323
12 0.888673
12.5 0.693033
13 0.429555
13.5 0.124029
14 -0.193638
14.5 -0.49235
15 -0.742868
15.5 -0.920668
16 -1.00835
16.5 -0.997323
17 -0.888673
17.5 -0.693033
18 -0.429555
18.5 -0.124029
19 0.193638
19.5 0.49235
20 0.742868


0 0.463299
0.5 0.720131
1 0.906472
1.5 1.00408
2 1.0034
2.5 0.904506
3 0.717069
3.5 0.45944
4 0.156838
4.5 -0.161116
5 -0.463299
5.5 -0.720131
6 -0.906472
6.5 -1.00408
7 -1.0034
7.5 -0.904506
8 -0.717069
8.5 -0.45944
9 -0.156838
9.5 0.161116
10 0.463299
10.5 0.720131
11 0.906472
11.5 1.00408
12 1.0034
12.5 0.904506
13 0.717069
13.5 0.45944
14 0.156838
14.5 -0.161116
15 -0.463299
15.5 -0.720131
16 -0.906472
16.5 -1.00408
17 -1.0034
17.5 -0.904506
18 -0.717069
18.5 -0.45944
19 -0.156838
19.5 0.161116
20 0.463299


0 0.128403
0.5 0.433739
1 0.696617
1.5 0.891305
2 0.998746
2.5 1.00842
3 0.919389
3.5 0.740358
4 0.488856
4.5 0.189501
5 -0.128403
5.5 -0.433739
6 -0.696617
6.5 -0.891305
7 -0.998746
7.5 -1.00842
8 -0.919389
8.5 -0.740358
9 -0.488856
9.5 -0.189501
10 0.128403
10.5 0.433739
11 0.696617
11.5 0.891305
12 0.998746
12.5 1.00842
13 0.919389
13.5 0.740358
14 0.488856
14.5 0.189501
15 -0.128403
15.5 -0.433739
16 -0.696617
16.5 -0.891305
17 -0.998746
17.5 -1.00842
18 -0.919389
18.5 -0.740358
19 -0.488856
19.5 -0.189501
20 0.128403


0 -0.221983
0.5 0.0955347
1 0.403701
1.5 0.672349
2 0.875184
2.5 0.99235
3 1.01238
3.5 0.933306
4 0.762876
4.5 0.517771
5 0.221983
5.5 -0.0955347
6 -0.403701
6.5 -0.672349
7 -0.875184
7.5 -0.99235
8 -1.01238
8.5 -0.933306
9 -0.762876
9.5 -0.517771
10 -0.221983
10.5 0.0955347
11 0.403701
11.5 0.672349
12 0.875184
12.5 0.99235
13 1.01238
13.5 0.933306
14 0.762876
14.5 0.517771
15 0.221983
15.5 -0.0955347
16 -0.403701
16.5 -0.672349
17 -0.875184
17.5 -0.99235
18 -1.01238
18.5 -0.933306
19 -0.762876
19.5 -0.517771
20 -0.221983


0 -0.546155
0.5 -0.254249
1 0.0625447
1.5 0.373216
2 0.647354
2.5 0.858125
3 0.984896
3.5 1.01526
4 0.946242
4.5 0.784599
5 0.546155
5.5 0.254249
6 -0.0625447
6.5 -0.373216
7 -0.647354
7.5 -0.858125
8 -0.984896
8.5 -1.01526
9 -0.946242
9.5 -0.784599
10 -0.546155
10.5 -0.254249
11 0.0625447
11.5 0.373216
12 0.647354
12.5 0.858125
13 0.984896
13.5 1.01526
14 0.946242
14.5 0.784599
15 0.546155
15.5 0.254249
16 -0.0625447
16.5 -0.373216
17 -0.647354
17.5 -0.858125
18 -0.984896
18.5 -1.01526
19 -0.946242
19.5 -0.784599
20 -0.546155


0 -0.805503
0.5 -0.573977
1 -0.286265
1.5 0.0294683
2 0.342317
2.5 0.621657
3 0.840145
3.5 0.976394
4 1.01707
4.5 0.958182
5 0.805503
5.5 0.573976
6 0.286265
6.5 -0.0294683
7 -0.342317
7.5 -0.621657
8 -0.840145
8.5 -0.976394
9 -1.01707
9.5 -0.958182
10 -0.805503
10.5 -0.573977
11 -0.286265
11.5 0.0294682
12 0.342317
12.5 0.621657
13 0.840145
13.5 0.976394
14 1.01707
14.5 0.958182
15 0.805503
15.5 0.573977
16 0.286265
16.5 -0.0294683
17 -0.342317
17.5 -0.621657
18 -0.840145
18.5 -0.976394
19 -1.01707
19.5 -0.958182
20 -0.805503


0 -0.969113
0.5 -0.825566
1 -0.601206
1.5 -0.317997
2 -0.00365955
2.5 0.311036
3 0.595285
3.5 0.821264
4 0.966851
4.5 1.0178
5 0.969113
5.5 0.825566
6 0.601206
6.5 0.317997
7 0.00365953
7.5 -0.311036
8 -0.595285
8.5 -0.821264
9 -0.966851
9.5 -1.0178
10 -0.969113
10.5 -0.825566
11 -0.601207
11.5 -0.317997
12 -0.00365961
12.5 0.311036
13 0.595285
13.5 0.821264
14 0.966851
14.5 1.0178
15 0.969113
15.5 0.825566
16 0.601206
16.5 0.317997
17 0.00365956
17.5 -0.311036
18 -0.595285
18.5 -0.821264
19 -0.966851
19.5 -1.0178
20 -0.969113


0 -1.01745
0.5 -0.979023
1 -0.844765
1.5 -0.627815
2 -0.349411
2.5 -0.0368037
3 0.279406
3.5 0.568266
4 0.8015
4.5 0.956277
5 1.01745
5.5 0.979023
6 0.844765
6.5 0.627815
7 0.349411
7.5 0.0368036
8 -0.279406
8.5 -0.568266
9 -0.8015
9.5 -0.956277
10 -1.01745
10.5 -0.979023
11 -0.844765
11.5 -0.627815
12 -0.349411
12.5 -0.0368037
13 0.279406
13.5 0.568266
14 0.8015
14.5 0.956277
15 1.01745
15.5 0.979023
16 0.844765
16.5 0.627815
17 0.349411
17.5 0.0368037
18 -0.279406
18.5 -0.568266
19 -0.8015
19.5 -0.956277
20 -1.01745


0 -0.944682
0.5 -1.01602
1 -0.987901
1.5 -0.86308
2 -0.653775
2.5 -0.380474
3 -0.0699289
3.5 0.247461
4 0.540627
4.5 0.780874
5 0.944682
5.5 1.01602
6 0.987901
6.5 0.86308
7 0.653775
7.5 0.380474
8 0.0699288
8.5 -0.247461
9 -0.540627
9.5 -0.780873
10 -0.944682
10.5 -1.01602
11 -0.987901
11.5 -0.86308
12 -0.653775
12.5 -0.380473
13 -0.069929
13.5 0.247461
14 0.540627
14.5 0.780874
15 0.944682
15.5 1.01602
16 0.987901
16.5 0.86308
17 0.653775
17.5 0.380474
18 0.0699289
18.5 -0.247461
19 -0.540627
19.5 -0.780874
20 -0.944682


0 -0.759407
0.5 -0.932079
1 -1.01351
1.5 -0.995736
2 -0.880491
2.5 -0.679056
3 -0.411152
3.5 -0.103
4 0.215234
4.5 0.512399
5 0.759407
5.5 0.932079
6 1.01351
6.5 0.995736
7 0.880491
7.5 0.679056
8 0.411152
8.5 0.103
9 -0.215233
9.5 -0.512399
10 -0.759407
10.5 -0.932079
11 -1.01351
11.5 -0.995736
12 -0.880491
12.5 -0.679057
13 -0.411151
13.5 -0.103
14 0.215234
14.5 0.512399
15 0.759407
15.5 0.932079
16 1.01351
16.5 0.995736
17 0.880491
17.5 0.679056
18 0.411152
18.5 0.103
19 -0.215234
19.5 -0.512399
20 -0.759407


0 -0.483609
0.5 -0.737121
1 -0.918479
1.5 -1.00993
2 -1.00252
2.5 -0.896978
3 -0.703633
3.5 -0.441412
4 -0.135982
4.5 0.182758
5 0.483609
5.5 0.737121
6 0.918479
6.5 1.00993
7 1.00252
7.5 0.896978
8 0.703633
8.5 0.441412
9 0.135982
9.5 -0.182758
10 -0.48361
10.5 -0.737121
11 -0.918479
11.5 -1.00993
12 -1.00252
12.5 -0.896978
13 -0.703634
13.5 -0.441412
14 -0.135982
14.5 0.182759
15 0.483609
15.5 0.737122
16 0.918479
16.5 1.00993
17 1.00252
17.5 0.896978
18 0.703633
18.5 0.441412
19 0.135982
19.5 -0.182758
20 -0.483609


0 -0.15007
0.5 -0.45429
1 -0.714041
1.5 -0.903896
2 -1.00527
2.5 -1.00825
3 -0.912525
3.5 -0.727479
4 -0.471223
4.5 -0.16884
5 0.15007
5.5 0.45429
6 0.714041
6.5 0.903896
7 1.00527
7.5 1.00825
8 0.912525
8.5 0.727479
9 0.471223
9.5 0.16884
10 -0.150069
10.5 -0.45429
11 -0.714041
11.5 -0.903897
12 -1.00527
12.5 -1.00825
13 -0.912524
13.5 -0.727479
14 -0.471223
14.5 -0.168841
15 0.15007
15.5 0.454289
16 0.714041
16.5 0.903896
17 1.00527
17.5 1.00825
18 0.912525
18.5 0.727479
19 0.471223
19.5 0.16884
20 -0.15007


0 0.201539
0.5 -0.117202
1 -0.42447
1.5 -0.690189
2 -0.888347
2.5 -0.999547
3 -1.0129
3.5 -0.927112
4 -0.750568
4.5 -0.500552
5 -0.201539
5.5 0.117202
6 0.42447
6.5 0.690189
7 0.888347
7.5 0.999547
8 1.0129
8.5 0.927113
9 0.750567
9.5 0.500553
10 0.201539
10.5 -0.117201
11 -0.424471
11.5 -0.690188
12 -0.888347
12.5 -0.999547
13 -1.01291
13.5 -0.927112
14 -0.750568
14.5 -0.500552
15 -0.20154
15.5 0.117202
16 0.42447
16.5 0.690189
17 0.888346
17.5 0.999547
18 1.0129
18.5 0.927113
19 0.750568
19.5 0.500552
20 0.201539


0 0.529369
0.5 0.234044
1 -0.0841897
1.5 -0.394183
2 -0.66559
2.5 -0.871845
3 -0.992758
3.5 -1.01649
4 -0.940726
4.5 -0.772874
5 -0.529369
5.5 -0.234044
6 0.0841897
6.5 0.394183
7 0.66559
7.5 0.871845
8 0.992758
8.5 1.01649
9 0.940726
9.5 0.772874
10 0.529369
10.5 0.234044
11 -0.0841892
11.5 -0.394183
12 -0.66559
12.5 -0.871846
13 -0.992758
13.5 -1.01649
14 -0.940726
14.5 -0.772875
15 -0.529368
15.5 -0.234045
16 0.0841903
16.5 0.394182
17 0.665591
17.5 0.871845
18 0.992758
18.5 1.01649
19 0.940726
19.5 0.772874
20 0.529369


0 0.794375
0.5 0.557641
1 0.266321
1.5 -0.0510682
2 -0.363458
2.5 -0.640271
3 -0.854409
3.5 -0.984912
4 -1.019
4.5 -0.95335
5 -0.794375
5.5 -0.557641
6 -0.266321
6.5 0.0510682
7 0.363458
7.5 0.640271
8 0.854409
8.5 0.984912
9 1.019
9.5 0.953351
10 0.794374
10.5 0.557642
11 0.26632
11.5 -0.0510676
12 -0.363459
12.5 -0.64027
13 -0.85441
13.5 -0.984911
14 -1.01901
14.5 -0.953349
15 -0.794376
15.5 -0.55764
16 -0.266322
16.5 0.051069
17 0.363458
17.5 0.640272
18 0.854409
18.5 0.984913
19 1.019
19.5 0.95335
20 0.794375


0 0.964971
0.5 0.815046
1 0.585339
1.5 0.298335
2 -0.0178724
2.5 -0.33233
3 -0.614257
3.5 -0.836056
4 -0.976017
4.5 -1.02044
5 -0.964971
5.5 -0.815046
6 -0.585339
6.5 -0.298335
7 0.0178724
7.5 0.33233
8 0.614258
8.5 0.836056
9 0.976017
9.5 1.02044
10 0.964972
10.5 0.815045
11 0.58534
11.5 0.298334
12 -0.0178715
12.5 -0.332331
13 -0.614256
13.5 -0.836057
14 -0.976016
14.5 -1.02044
15 -0.96497
15.5 -0.815047
16 -0.585338
16.5 -0.298336
17 0.0178736
17.5 0.332329
18 0.614258
18.5 0.836055
19 0.976017
19.5 1.02044
20 0.964971


0 1.02079
0.5 0.975576
1 0.834865
1.5 0.612434
2 0.330052
2.5 0.0153626
3 -0.30083
3.5 -0.587576
4 -0.816805
4.5 -0.966081
5 -1.02079
5.5 -0.975576
6 -0.834865
6.5 -0.612434
7 -0.330052
7.5 -0.0153625
8 0.30083
8.5 0.587577
9 0.816805
9.5 0.966082
10 1.02079
10.5 0.975577
11 0.834864
11.5 0.612435
12 0.33005
12.5 0.0153639
13 -0.300832
13.5 -0.587575
14 -0.816807
14.5 -0.96608
15 -1.02079
15.5 -0.975574
16 -0.834867
16.5 -0.612432
17 -0.330053
17.5 -0.0153609
18 0.300829
18.5 0.587578
19 0.816804
19.5 0.966082
20 1.02079


0 0.955116
0.5 1.02006
1 0.985152
1.5 0.853811
2 0.638895
2.5 0.361438
3 0.0486014
3.5 -0.268992
4 -0.560256
4.5 -0.796676
5 -0.955115
5.5 -1.02006
6 -0.985152
6.5 -0.853811
7 -0.638895
7.5 -0.361438
8 -0.0486013
8.5 0.268992
9 0.560256
9.5 0.796676
10 0.955116
10.5 1.02006
11 0.985153
11.5 0.85381
12 0.638896
12.5 0.361436
13 0.0486033
13.5 -0.268994
14 -0.560254
14.5 -0.796679
15 -0.955113
15.5 -1.02006
16 -0.98515
16.5 -0.853814
17 -0.638892
17.5 -0.36144
18 -0.0485992
18.5 0.26899
19 0.560258
19.5 0.796675
20 0.955116


0 0.775689
0.5 0.94313
1 1.01824
1.5 0.99369
2 0.871863
2.5 0.664695
3 0.39246
3.5 0.0818089
4 -0.236849
4.5 -0.532325
5 -0.77569
5.5 -0.943129
6 -1.01824
6.5 -0.99369
7 -0.871863
7.5 -0.664695
8 -0.39246
8.5 -0.0818088
9 0.236849
9.5 0.532326
10 0.77569
10.5 0.94313
11 1.01824
11.5 0.993691
12 0.871861
12.5 0.664697
13 0.392457
13.5 0.0818117
14 -0.236852
14.5 -0.532322
15 -0.775694
15.5 -0.943126
16 -1.01825
16.5 -0.993686
17 -0.871867
17.5 -0.664691
18 -0.392463
18.5 -0.0818058
19 0.236847
19.5 0.532327
20 0.775689


0 0.503815
0.5 0.753867
1 0.930137
1.5 1.01535
2 1.00118
2.5 0.889001
3 0.689805
3.5 0.423085
4 0.11495
4.5 -0.204436
5 -0.503813
5.5 -0.753869
6 -0.930136
6.5 -1.01535
7 -1.00118
7.5 -0.889001
8 -0.689805
8.5 -0.423085
9 -0.11495
9.5 0.204435
10 0.503813
10.5 0.753868
11 0.930137
11.5 1.01535
12 1.00118
12.5 0.888998
13 0.689809
13.5 0.423081
14 0.114954
14.5 -0.20444
15 -0.503808
15.5 -0.753873
16 -0.930131
16.5 -1.01535
17 -1.00117
17.5 -0.889006
18 -0.6898
18.5 -0.423089
19 -0.114946
19.5 0.204432
20 0.503815


0 0.171781
0.5 0.474752
1 0.731231
1.5 0.91615
2 1.01138
2.5 1.00761
3 0.905207
3.5 0.7142
4 0.453279
4.5 0.147989
5 -0.171786
5.5 -0.474749
6 -0.731234
6.5 -0.916148
7 -1.01138
7.5 -1.00761
8 -0.905207
8.5 -0.7142
9 -0.453279
9.5 -0.147988
10 0.171785
10.5 0.47475
11 0.731232
11.5 0.91615
12 1.01137
12.5 1.00761
13 0.905203
13.5 0.714204
14 0.453274
14.5 0.147995
15 -0.171792
15.5 -0.474742
16 -0.731241
16.5 -0.916141
17 -1.01138
17.5 -1.0076
18 -0.905214
18.5 -0.714193
19 -0.453286
19.5 -0.147983
20 0.171781


0 -0.180883
0.5 0.138926
1 0.445169
1.5 0.707806
2 0.901183
2.5 1.00633
3 1.01298
3.5 0.920462
4 0.737851
4.5 0.483012
5 0.180891
5.5 -0.138933
6 -0.445164
6.5 -0.70781
7 -0.901181
7.5 -1.00633
8 -1.01298
8.5 -0.920462
9 -0.737851
9.5 -0.483012
10 -0.18089
10.5 0.138932
11 0.445166
11.5 0.707807
12 0.901184
12.5 1.00632
13 1.01298
13.5 0.920456
14 0.737858
14.5 0.483004
15 0.180899
15.5 -0.138942
16 -0.445155
16.5 -0.707819
17 -0.901171
17.5 -1.00634
18 -1.01297
18.5 -0.920472
19 -0.737842
19.5 -0.483021
20 -0.180883


0 -0.512262
0.5 -0.21361
1 0.105904
1.5 0.415095
2 0.683616
2.5 0.885252
3 1.00021
3.5 1.01727
4 0.934751
4.5 0.760735
5 0.51225
5.5 0.213621
6 -0.105913
6.5 -0.415089
7 -0.68362
7.5 -0.885249
8 -1.00021
8.5 -1.01727
9 -0.934751
9.5 -0.760735
10 -0.512251
10.5 -0.21362
11 0.105911
11.5 0.415092
12 0.683616
12.5 0.885254
13 1.0002
13.5 1.01728
14 0.934742
14.5 0.760745
15 0.512239
15.5 0.213633
16 -0.105925
16.5 -0.415076
17 -0.683634
17.5 -0.885235
18 -1.00022
18.5 -1.01726
19 -0.934765
19.5 -0.760721
20 -0.512262


0 -0.782806
0.5 -0.54098
1 -0.246129
1.5 0.0727479
2 0.384565
2.5 0.658685
3 0.868372
3.5 0.993023
4 1.02049
4.5 0.948056
5 0.782825
5.5 0.540963
6 0.246144
6.5 -0.0727598
7 -0.384556
7.5 -0.658691
8 -0.868369
8.5 -0.993024
9 -1.02049
9.5 -0.948057
10 -0.782825
10.5 -0.540964
11 -0.246142
11.5 0.0727565
12 0.38456
12.5 0.658685
13 0.868376
13.5 0.993015
14 1.02051
14.5 0.948044
15 0.78284
15.5 0.540947
16 0.246161
16.5 -0.0727776
17 -0.384537
17.5 -0.65871
18 -0.868349
18.5 -0.993045
19 -1.02047
19.5 -0.948077
20 -0.782806


0 -0.960393
0.5 -0.804073
1 -0.569144
1.5 -0.278405
2 0.0394929
2.5 0.353609
3 0.633039
3.5 0.850562
4 0.98478
4.5 1.02263
5 0.960365
5.5 0.804099
6 0.56912
6.5 0.278425
7 -0.0395089
7.5 -0.353597
8 -0.633047
8.5 -0.850558
9 -0.984782
9.5 -1.02263
10 -0.960365
10.5 -0.804098
11 -0.569122
11.5 -0.278422
12 0.0395037
12.5 0.353604
13 0.633038
13.5 0.850569
14 0.984769
14.5 1.02265
15 0.960346
15.5 0.80412
16 0.569098
16.5 0.27845
17 -0.0395343
17.5 -0.353571
18 -0.633075
18.5 -0.850529
19 -0.984812
19.5 -1.02261
20 -0.960393


0 -1.02365
0.5 -0.971702
1 -0.824496
1.5 -0.596724
2 -0.310403
2.5 0.00617357
3 0.322261
3.5 0.606705
4 0.83184
4.5 0.975488
5 1.02369
5.5 0.971662
6 0.824532
6.5 0.596692
7 0.31043
7.5 -0.00619487
8 -0.322246
8.5 -0.606715
9 -0.831835
9.5 -0.975491
10 -1.02369
10.5 -0.971663
11 -0.824531
11.5 -0.596695
12 -0.310425
12.5 0.00618701
13 0.322256
13.5 0.606701
14 0.831852
14.5 0.97547
15 1.02372
15.5 0.971635
16 0.824563
16.5 0.596659
17 0.310465
17.5 -0.00623143
18 -0.322207
18.5 -0.606755
19 -0.831794
19.5 -0.975532
20 -1.02365


0 -0.965217
0.5 -1.02361
1 -0.981991
1.5 -0.844053
2 -0.623692
2.5 -0.342088
3 -0.0271756
3.5 0.290555
4 0.57971
4.5 0.812226
5 0.965155
5.5 1.02366
6 0.981936
6.5 0.844103
7 0.623648
7.5 0.342124
8 0.0271472
8.5 -0.290535
9 -0.579722
9.5 -0.812219
10 -0.965158
10.5 -1.02366
11 -0.981938
11.5 -0.8441
12 -0.623653
12.5 -0.342116
13 -0.0271593
13.5 0.290551
14 0.579702
14.5 0.812245
15 0.965128
15.5 1.0237
16 0.981897
16.5 0.844147
17 0.623601
17.5 0.342174
18 0.0270947
18.5 -0.29048
19 -0.579779
19.5 -0.812161
20 -0.965217


0 -0.791649
0.5 -0.953877
1 -1.02247
1.5 -0.991252
2 -0.862721
2.5 -0.650021
3 -0.373424
3.5 -0.0605202
4 0.258524
4.5 0.552081
5 0.79174
5.5 0.953791
6 1.02255
6.5 0.991175
7 0.86279
7.5 0.64996
8 0.373473
8.5 0.0604825
9 -0.258498
9.5 -0.552097
10 -0.791732
10.5 -0.953795
11 -1.02255
11.5 -0.991178
12 -0.862785
12.5 -0.649969
13 -0.37346
13.5 -0.060501
14 0.258522
14.5 0.552067
15 0.791769
15.5 0.95375
16 1.0226
16.5 0.991118
17 0.862853
17.5 0.649893
18 0.373545
18.5 0.0604073
19 -0.258419
19.5 -0.552178
20 -0.791649


0 -0.523983
0.5 -0.770276
1 -0.941528
1.5 -1.02024
2 -0.999475
2.5 -0.880476
3 -0.675683
3.5 -0.404377
4 -0.0938264
4.5 0.226204
5 0.523846
5.5 0.770404
6 0.941407
6.5 1.02035
7 0.999369
7.5 0.880572
8 0.675601
8.5 0.404443
9 0.0937765
9.5 -0.22617
10 -0.523867
10.5 -0.770393
11 -0.941412
11.5 -1.02035
12 -0.999374
12.5 -0.880563
13 -0.675615
13.5 -0.404423
14 -0.0938046
14.5 0.226206
15 0.523822
15.5 0.770449
16 0.941347
16.5 1.02043
17 0.999286
17.5 0.880663
18 0.675504
18.5 0.404546
19 0.0936687
19.5 -0.226058
20 -0.523983


0 -0.193425
0.5 -0.495226
1 -0.748061
1.5 -0.928186
2 -1.01691
2.5 -1.00666
3 -0.897297
3.5 -0.700656
4 -0.43491
4.5 -0.127061
5 0.19363
5.5 0.495035
6 0.748241
6.5 0.928016
7 1.01707
7.5 1.00651
8 0.897428
8.5 0.700544
9 0.434999
9.5 0.126995
10 -0.193586
10.5 -0.495062
11 -0.748227
11.5 -0.928023
12 -1.01707
12.5 -1.00652
13 -0.897415
13.5 -0.700566
14 -0.434968
14.5 -0.127037
15 0.19364
15.5 0.494994
16 0.748309
16.5 0.927926
17 1.01718
17.5 1.00639
18 0.89756
18.5 0.700404
19 0.435147
19.5 0.12684
20 -0.193425


0 0.159883
0.5 -0.160552
1 -0.465943
1.5 -0.725022
2 -0.913869
2.5 -1.01249
3 -1.01279
3.5 -0.913161
4 -0.724914
4.5 -0.464989
5 -0.160191
5.5 0.160839
6 0.465676
6.5 0.725274
7 0.913632
7.5 1.01271
8 1.01259
8.5 0.913341
9 0.724763
9.5 0.465108
10 0.160104
10.5 -0.160781
11 -0.46571
11.5 -0.725256
12 -0.913641
12.5 -1.0127
13 -1.0126
13.5 -0.913319
14 -0.724797
14.5 -0.46506
15 -0.160168
15.5 0.160863
16 0.465609
16.5 0.725377
17 0.913499
17.5 1.01287
18 1.01241
18.5 0.91353
19 0.724562
19.5 0.46532
20 0.159883


0 0.495039
0.5 0.192754
1 -0.127466
1.5 -0.436173
2 -0.701175
2.5 -0.8986
3 -1.00696
3.5 -1.01788
4 -0.928043
4.5 -0.748439
5 -0.494576
5.5 -0.193184
6 0.127867
6.5 0.435798
7 0.701528
7.5 0.898268
8 1.00727
8.5 1.0176
9 0.928289
9.5 0.748235
10 0.494735
10.5 0.19307
11 -0.127792
11.5 -0.435841
12 -0.701505
12.5 -0.898281
13 -1.00726
13.5 -1.01762
14 -0.928254
14.5 -0.748288
15 -0.494661
15.5 -0.193167
16 0.127914
16.5 0.435692
17 0.701684
17.5 0.898072
18 1.0075
18.5 1.01735
19 0.928562
19.5 0.747946
20 0.495039


0 0.77052
0.5 0.524281
1 0.225409
1.5 -0.0941916
2 -0.405956
2.5 -0.676534
3 -0.882405
3.5 -1.00033
4 -1.02193
4.5 -0.941919
5 -0.771211
5.5 -0.523634
6 -0.226011
6.5 0.0947528
7 0.40543
7.5 0.677028
8 0.881941
8.5 1.00076
9 1.02154
9.5 0.942255
10 0.770935
10.5 0.523846
11 0.225861
11.5 -0.0946561
12 -0.405486
12.5 -0.676998
13 -0.88196
13.5 -1.00074
14 -1.02158
14.5 -0.942199
15 -0.771018
15.5 -0.523734
16 -0.226007
16.5 0.0948385
17 0.405264
17.5 0.677262
18 0.881652
18.5 1.00109
19 1.02118
19.5 0.942647
20 0.77052


0 0.955784
0.5 0.79225
1 0.553028
1.5 0.2578
2 -0.0607499
2.5 -0.375339
3 -0.651109
3.5 -0.865315
4 -0.992579
4.5 -1.02494
5 -0.954763
5.5 -0.793216
6 -0.552124
6.5 -0.258642
7 0.0615357
7.5 0.374603
8 0.651802
8.5 0.864667
9 0.993175
9.5 1.02441
10 0.95522
10.5 0.792845
11 0.552405
11.5 0.258445
12 -0.0614107
12.5 -0.374674
13 -0.651762
13.5 -0.864696
14 -0.993139
14.5 -1.02446
15 -0.955132
15.5 -0.792972
16 -0.552235
16.5 -0.258664
17 0.0616824
17.5 0.374346
18 0.65215
18.5 0.864244
19 0.993656
19.5 1.02388
20 0.955784


0 1.02544
0.5 0.967974
1 0.813091
1.5 0.581268
2 0.289873
2.5 -0.0271559
3 -0.344376
3.5 -0.624907
4 -0.847369
4.5 -0.983703
5 -1.02693
5.5 -0.966542
6 -0.814444
6.5 -0.580003
7 -0.291051
7.5 0.0282563
8 0.343344
8.5 0.625875
9 0.846466
9.5 0.984529
10 1.0262
10.5 0.967163
11 0.813946
11.5 0.580377
12 0.290793
12.5 -0.0280946
13 -0.343437
13.5 -0.625821
14 -0.84651
14.5 -0.984471
15 -1.02629
15.5 -0.967026
16 -0.814139
16.5 -0.580119
17 -0.291121
17.5 0.0284989
18 0.342951
18.5 0.626394
19 0.845848
19.5 0.985226
20 1.02544


0 0.975833
0.5 1.02583
1 0.979231
1.5 0.832997
2 0.608998
2.5 0.321565
3 0.00658403
3.5 -0.313129
4 -0.597924
4.5 -0.828615
5 -0.973681
5.5 -1.02793
6 -0.977223
6.5 -0.83489
7 -0.607229
7.5 -0.323214
8 -0.00504322
8.5 0.311685
9 0.599277
9.5 0.827358
10 0.974823
10.5 1.02692
11 0.978066
11.5 0.834222
12 0.607724
12.5 0.322877
13 0.00525235
13.5 -0.311806
14 -0.599202
14.5 -0.827426
15 -0.974729
15.5 -1.02707
16 -0.977852
16.5 -0.834518
17 -0.607335
17.5 -0.323368
18 -0.00465195
18.5 0.311088
19 0.600044
19.5 0.826456
20 0.975833


0 0.806052
0.5 0.96552
1 1.02501
1.5 0.989577
2 0.851908
2.5 0.636226
3 0.352803
3.5 0.0404759
4 -0.281674
4.5 -0.570145
5 -0.809113
5.5 -0.962484
6 -1.02796
6.5 -0.986763
7 -0.854557
7.5 -0.633752
8 -0.35511
8.5 -0.0383184
9 0.279652
9.5 0.572035
10 0.807367
10.5 0.96406
11 1.02659
11.5 0.987904
12 0.853662
12.5 0.634405
13 0.354671
13.5 0.0385895
14 -0.279811
14.5 -0.571929
15 -0.807473
15.5 -0.963909
16 -1.02681
16.5 -0.987574
17 -0.854113
17.5 -0.63382
18 -0.355403
18.5 -0.037699
19 0.278752
19.5 0.573166
20 0.806052


0 0.545839
0.5 0.784606
1 0.954351
1.5 1.02293
2 0.999054
2.5 0.869751
3 0.662979
3.5 0.383495
4 0.0745433
4.5 -0.250104
5 -0.541541
5.5 -0.788941
6 -0.95007
6.5 -1.02707
7 -0.995111
7.5 -0.873456
8 -0.659518
8.5 -0.386724
9 -0.0715228
9.5 0.247276
10 0.544177
10.5 0.786519
11 0.952241
11.5 1.0252
12 0.996653
12.5 0.872262
13 0.66038
13.5 0.386151
14 0.0718752
14.5 -0.247488
15 -0.544024
15.5 -0.786685
16 -0.952001
16.5 -1.02556
17 -0.996144
17.5 -0.872945
18 -0.659501
18.5 -0.387242
19 -0.0705562
19.5 0.245927
20 0.545839


0 0.212572
0.5 0.518166
1 0.762068
1.5 0.942408
2 1.01952
2.5 1.00772
3 0.886428
3.5 0.689307
4 0.413527
4.5 0.108835
5 -0.218539
5.5 -0.512056
6 -0.768201
6.5 -0.936377
7 -1.02534
7.5 -1.0022
8 -0.891613
8.5 -0.684465
9 -0.418047
9.5 -0.104607
10 0.214585
10.5 0.515729
11 0.764844
11.5 0.939362
12 1.02278
12.5 1.00428
13 0.890021
13.5 0.6856
14 0.417299
14.5 0.105067
15 -0.214871
15.5 -0.515504
16 -0.765107
16.5 -0.938982
17 -1.02334
17.5 -1.0035
18 -0.891055
18.5 -0.684284
19 -0.418922
19.5 -0.103116
20 0.212572


0 -0.13524
0.5 0.17862
1 0.49028
1.5 0.738356
2 0.929807
2.5 1.01468
3 1.01568
3.5 0.901815
4 0.715294
4.5 0.442749
5 0.143434
5.5 -0.187132
6 -0.481603
6.5 -0.747027
7 -0.921316
7.5 -1.02284
8 -1.00795
8.5 -0.909068
9 -0.708521
9.5 -0.449074
10 -0.137519
10.5 0.18161
11 0.486714
11.5 0.742382
12 0.925415
12.5 1.01937
13 1.01075
13.5 0.90695
14 0.710014
14.5 0.448099
15 0.138123
15.5 -0.182001
16 -0.486379
16.5 -0.742796
17 -0.924816
17.5 -1.02023
18 -1.00956
18.5 -0.908509
19 -0.708046
19.5 -0.450509
20 -0.13524


0 -0.482113
0.5 -0.166747
1 0.143957
1.5 0.462358
2 0.713349
2.5 0.916707
3 1.00826
3.5 1.02307
4 0.915735
4.5 0.741077
5 0.470961
5.5 0.178476
6 -0.156087
6.5 -0.450048
7 -0.725596
7.5 -0.904761
8 -1.01971
8.5 -1.01225
9 -0.925883
9.5 -0.7316
10 -0.479813
10.5 -0.170203
11 0.14838
11.5 0.457152
12 0.71918
12.5 0.910378
13 1.01499
13.5 1.016
14 0.923069
14.5 0.733562
15 0.478538
15.5 0.171001
16 -0.148926
16.5 -0.456645
17 -0.719831
17.5 -0.90944
18 -1.01633
18.5 -1.01419
19 -0.925417
19.5 -0.730624
20 -0.482113


0 -0.751798
0.5 -0.513906
1 -0.197394
1.5 0.108409
2 0.43464
2.5 0.686864
3 0.903332
3.5 1.00006
4 1.0301
4.5 0.927951
5 0.766858
5.5 0.497896
6 0.214165
6.5 -0.125678
7 -0.417192
7.5 -0.704148
8 -0.886533
8.5 -1.01612
9 -1.01495
9.5 -0.942148
10 -0.753598
10.5 -0.510281
11 -0.202601
11.5 0.114932
12 0.427054
12.5 0.695298
13 0.894219
13.5 1.00972
14 1.01999
14.5 0.938417
15 0.756176
15.5 0.50861
16 0.203665
16.5 -0.115705
17 -0.42628
17.5 -0.69632
18 -0.892755
18.5 -1.01177
19 -1.01724
19.5 -0.941942
20 -0.751798


0 -0.95833
0.5 -0.771263
1 -0.546147
1.5 -0.22685
2 0.0717156
2.5 0.40745
3 0.658631
3.5 0.889992
4 0.989781
4.5 1.03708
5 0.938127
5.5 0.792942
6 0.523182
6.5 0.250808
7 -0.0962763
7.5 -0.382745
8 -0.683005
8.5 -0.866384
9 -1.01229
9.5 -1.01586
10 -0.957991
10.5 -0.77439
11 -0.540507
11.5 -0.234652
12 0.0813064
12.5 0.396417
13 0.670818
13.5 0.87688
14 1.00365
14.5 1.02261
15 0.953048
15.5 0.777777
16 0.538311
16.5 0.236086
17 -0.0824178
17.5 -0.395227
18 -0.672419
18.5 -0.874608
19 -1.00678
19.5 -1.01845
20 -0.95833


0 -1.01749
0.5 -0.974944
1 -0.788595
1.5 -0.579217
2 -0.254663
2.5 0.0334916
3 0.381242
3.5 0.628259
4 0.877126
4.5 0.977008
5 1.04443
5.5 0.945794
6 0.819774
6.5 0.546311
7 0.28885
7.5 -0.0683879
8 -0.346291
8.5 -0.662606
9 -0.843964
9.5 -1.00856
10 -1.01473
10.5 -0.973586
11 -0.79382
11.5 -0.570536
12 -0.266295
12.5 0.0475564
13 0.365218
13.5 0.64585
14 0.858273
14.5 0.996883
15 1.02375
15.5 0.967044
16 0.798272
16.5 0.567638
17 0.26825
17.5 -0.0491778
18 -0.363383
18.5 -0.648349
19 -0.854762
19.5 -1.00167
20 -1.01749


0 -0.996878
0.5 -1.01383
1 -0.992312
1.5 -0.803198
2 -0.613674
2.5 -0.2802
3 -0.00682379
3.5 0.356642
4 0.595178
4.5 0.865353
5 0.961133
5.5 1.05279
6 0.950287
6.5 0.848
7 0.566569
7.5 0.328937
8 -0.0427104
8.5 -0.307236
9 -0.643549
9.5 -0.818791
10 -1.00534
10.5 -1.01122
11 -0.989169
11.5 -0.811695
12 -0.600432
12.5 -0.29747
13 0.0137535
13.5 0.333403
14 0.620548
14.5 0.838267
15 0.9896
15.5 1.02325
16 0.980519
16.5 0.817554
17 0.596585
17.5 0.300169
18 -0.016149
18.5 -0.330566
19 -0.624435
19.5 -0.832861
20 -0.996878


0 -0.808371
0.5 -0.993067
1 -1.00676
1.5 -1.0112
2 -0.814233
2.5 -0.650327
3 -0.302583
3.5 -0.0500416
4 0.334529
4.5 0.558569
5 0.855548
5.5 0.941289
6 1.06305
6.5 0.950663
7 0.878553
7.5 0.582961
8 0.371994
8.5 -0.0202061
9 -0.264746
9.5 -0.626646
10 -0.790201
10.5 -1.00321
11 -1.00488
11.5 -1.00506
12 -0.827778
12.5 -0.630274
13 -0.328129
13.5 -0.0199992
14 0.300871
14.5 0.595125
15 0.816661
15.5 0.982033
16 1.02091
16.5 0.993625
17 0.835501
17.5 0.625132
18 0.331906
18.5 0.0164229
19 -0.29648
19.5 -0.60115
20 -0.808371


0 -0.579188
0.5 -0.780497
1 -0.991187
1.5 -0.995244
2 -1.03272
2.5 -0.820512
3 -0.690337
3.5 -0.320576
4 -0.0973278
4.5 0.316137
5 0.517253
5.5 0.848955
6 0.916234
6.5 1.0765
7 0.945582
7.5 0.912766
8 0.59409
8.5 0.419335
9 -0.00220683
9.5 -0.217647
10 -0.613011
10.5 -0.757275
11 -1.00296
11.5 -0.995101
12 -1.02167
12.5 -0.841773
13 -0.660159
13.5 -0.358242
14 -0.0535501
14.5 0.267446
15 0.569883
15.5 0.793167
16 0.974506
16.5 1.01645
17 1.00656
17.5 0.851981
18 0.653231
18.5 0.363596
19 0.048166
19.5 -0.260654
20 -0.579188


0 -0.222353
0.5 -0.559574
1 -0.748063
1.5 -0.99262
2 -0.977764
2.5 -1.05845
3 -0.820353
3.5 -0.735372
4 -0.332439
4.5 -0.150353
5 0.303207
5.5 0.469539
6 0.847342
6.5 0.884192
7 1.09499
7.5 0.933142
8 0.952549
8.5 0.597992
9 0.472825
9.5 0.00944143
10 -0.1643
10.5 -0.604162
11 -0.718761
11.5 -1.00564
12 -0.981088
12.5 -1.03957
13 -0.853318
13.5 -0.690198
14 -0.387814
14.5 -0.0866703
15 0.232848
15.5 0.545247
16 0.767366
16.5 0.967461
17 1.00948
17.5 1.01959
18 0.866857
18.5 0.680775
19 0.395503
19.5 0.0785136
20 -0.222353


0 0.106601
0.5 -0.18045
1 -0.543808
1.5 -0.70934
2 -0.99936
2.5 -0.952163
3 -1.09068
3.5 -0.811364
4 -0.787811
4.5 -0.335716
5 -0.211507
5.5 0.298205
6 0.413006
6.5 0.853224
7 0.842617
7.5 1.12114
8 0.910633
8.5 1.00062
9 0.591907
9.5 0.535094
10 0.012179
10.5 -0.102425
11 -0.602178
11.5 -0.672944
12 -1.01267
12.5 -0.961779
13 -1.05947
13.5 -0.861971
14 -0.720505
14.5 -0.416918
15 -0.119014
15.5 0.196643
16 0.521824
16.5 0.738662
17 0.961505
17.5 0.999509
18 1.03303
18.5 0.880009
19 0.707558
19.5 0.428088
20 0.106601


0 0.462131
0.5 0.131109
1 -0.133234
1.5 -0.534102
2 -0.661791
2.5 -1.01429
3 -0.91533
3.5 -1.13268
4 -0.790149
4.5 -0.851055
5 -0.326934
5.5 -0.284199
6 0.304623
6.5 0.344189
7 0.870187
7.5 0.787867
8 1.15872
8.5 0.874205
9 1.06085
9.5 0.571953
10 0.609842
10.5 0.00245612
11 -0.0288551
11.5 -0.609894
12 -0.617488
12.5 -1.02593
13 -0.935775
13.5 -1.0823
14 -0.867201
14.5 -0.751176
15 -0.445732
15.5 -0.150056
16 0.158166
16.5 0.500471
17 0.706211
17.5 0.957458
18 0.985897
18.5 1.04727
19 0.891369
19.5 0.733194
20 0.462131


0 0.757003
0.5 0.498901
1 0.150034
1.5 -0.0781224
2 -0.533698
2.5 -0.60171
3 -1.04159
3.5 -0.862802
4 -1.18912
4.5 -0.751882
5 -0.929943
5.5 -0.301173
6 -0.37329
6.5 0.32742
7 0.258132
7.5 0.903344
8 0.714736
8.5 1.21309
9 0.818386
9.5 1.13871
10 0.532674
10.5 0.702265
11 -0.0246478
11.5 0.0607883
12 -0.631181
12.5 -0.549222
13 -1.04796
13.5 -0.901234
14 -1.10926
14.5 -0.868385
15 -0.782258
15.5 -0.474609
16 -0.179003
16.5 0.116425
17 0.482399
17.5 0.668832
18 0.956426
18.5 0.96781
19 1.06273
19.5 0.900977
20 0.757003


0 0.909098
0.5 0.777821
1 0.540426
1.5 0.160342
2 -0.0112488
2.5 -0.547349
3 -0.523695
3.5 -1.08725
4 -0.788175
4.5 -1.26668
5 -0.6897
5.5 -1.03137
6 -0.251456
6.5 -0.485711
7 0.373646
7.5 0.147751
8 0.959987
8.5 0.615782
9 1.29189
9.5 0.735404
10 1.24197
10.5 0.466407
11 0.819636
11.5 -0.0759487
12 0.172551
12.5 -0.671315
13 -0.463848
13.5 -1.08214
14 -0.855743
14.5 -1.14185
15 -0.864814
15.5 -0.813685
16 -0.50418
16.5 -0.204666
17 0.0699526
17.5 0.46932
18 0.624881
18.5 0.959882
19 0.9442
19.5 1.07989
20 0.909098


0 1.09914
0.5 0.916389
1 0.793712
1.5 0.589902
2 0.157453
2.5 0.0731478
3 -0.582011
3.5 -0.419896
4 -1.15992
4.5 -0.682272
5 -1.37491
5.5 -0.593846
6 -1.16514
6.5 -0.167882
7 -0.631335
7.5 0.453333
8 0.00292292
8.5 1.05052
9 0.48038
9.5 1.406
10 0.61423
10.5 1.38161
11 0.362399
11.5 0.972119
12 -0.160879
12.5 0.314761
13 -0.737479
13.5 -0.355561
14 -1.13297
14.5 -0.796158
15 -1.18198
15.5 -0.855716
16 -0.845185
16.5 -0.5355
17 -0.225267
17.5 0.0166065
18 0.463633
18.5 0.572094
19 0.969775
19.5 0.913776
20 1.09914


0 0.874994
0.5 1.12072
1 0.924194
1.5 0.801518
2 0.652295
2.5 0.134487
3 0.183614
3.5 -0.64784
4 -0.278922
4.5 -1.27205
5 -0.531955
5.5 -1.52739
6 -0.450446
6.5 -1.3452
7 -0.0363896
7.5 -0.824231
8 0.580765
8.5 -0.190813
9 1.18981
9.5 0.293361
10 1.57093
10.5 0.439229
11 1.57313
11.5 0.205578
12 1.17389
12.5 -0.292476
13 0.498864
13.5 -0.839434
14 -0.216538
14.5 -1.2064
15 -0.71841
15.5 -1.23198
16 -0.840316
16.5 -0.876123
17 -0.570283
17.5 -0.238171
18 -0.0467172
18.5 0.468694
19 0.507373
19.5 0.98865
20 0.874994


0 1.01978
0.5 0.826098
1 1.14443
1.5 0.935001
2 0.796169
2.5 0.735257
3 0.081142
3.5 0.33278
4 -0.759645
4.5 -0.0842814
5 -1.44152
5.5 -0.31843
6 -1.74353
6.5 -0.239774
7 -1.5914
7.5 0.163001
8 -1.08444
8.5 0.776293
9 -0.454114
9.5 1.39902
10 0.033094
10.5 1.80871
11 0.188259
11.5 1.83835
12 -0.0251615
12.5 1.4447
13 -0.48874
13.5 0.740559
14 -0.990425
14.5 -0.0362704
15 -1.31028
15.5 -0.617266
16 -1.29465
16.5 -0.817945
17 -0.905262
17.5 -0.611231
18 -0.239498
18.5 -0.124479
19 0.489169
19.5 0.426524
20 1.01978


0 0.323917
0.5 1.06731
1 0.765238
1.5 1.16926
2 0.95317
2.5 0.769634
3 0.850485
3.5 -0.0179451
4 0.53925
4.5 -0.938974
5 0.187859
5.5 -1.69397
6 -0.0148318
6.5 -2.05096
7 0.0662204
7.5 -1.93194
8 0.458695
8.5 -1.44053
9 1.06893
9.5 -0.816476
10 1.7084
10.5 -0.331251
11 2.15064
11.5 -0.169999
12 2.20804
12.5 -0.35933
13 1.812
13.5 -0.774486
14 1.06134
14.5 -1.20839
15 0.199317
15.5 -1.45495
16 -0.486053
16.5 -1.37335
17 -0.788239
17.5 -0.930392
18 -0.662523
18.5 -0.223576
19 -0.223039
19.5 0.531508
20 0.323917


0 0.604571
0.5 0.192076
1 1.13635
1.5 0.69073
2 1.19265
2.5 0.986065
3 0.709338
3.5 1.01574
4 -0.185613
4.5 0.830351
5 -1.21713
5.5 0.571896
6 -2.06623
6.5 0.417212
7 -2.48902
7.5 0.507421
8 -2.40695
8.5 0.891095
9 -1.93319
9.5 1.50003
10 -1.32001
10.5 2.16105
11 -0.843579
11.5 2.64113
12 -0.6798
12.5 2.72541
13 -0.838143
13.5 2.31388
14 -1.18387
14.5 1.49057
15 -1.51757
15.5 0.509018
16 -1.65393
16.5 -0.316341
17 -1.47186
17.5 -0.751472
18 -0.94777
18.5 -0.73053
19 -0.182159
19.5 -0.351412
20 0.604571


0 -0.522276
0.5 0.720443
1 0.0212042
1.5 1.23303
2 0.60157
2.5 1.20946
3 1.04581
3.5 0.595772
4 1.25782
4.5 -0.455699
5 1.24611
5.5 -1.63953
6 1.11739
6.5 -2.611
7 1.03248
7.5 -3.11376
8 1.14054
8.5 -3.07348
9 1.51769
9.5 -2.62044
10 2.1286
10.5 -2.02483
11 2.81843
11.5 -1.56636
12 3.34316
12.5 -1.4036
13 3.45112
13.5 -1.51908
14 3.00312
14.5 -1.76386
15 2.0683
15.5 -1.95065
16 0.917844
16.5 -1.92481
17 -0.0976158
17.5 -1.59431
18 -0.709098
18.5 -0.951281
19 -0.824837
19.5 -0.103346
20 -0.522276


0 0.0299381
0.5 -0.753356
1 0.895476
1.5 -0.201359
2 1.36434
2.5 0.498347
3 1.21007
3.5 1.15198
4 0.39891
4.5 1.61702
5 -0.878189
5.5 1.84501
6 -2.27192
6.5 1.89569
7 -3.40379
7.5 1.90913
8 -4.00494
8.5 2.04623
9 -4.01271
9.5 2.42029
10 -3.58499
10.5 3.03876
11 -3.0167
11.5 3.76809
12 -2.58841
12.5 4.34591
13 -2.42945
13.5 4.47022
14 -2.48221
14.5 3.95277
15 -2.57889
15.5 2.849
16 -2.55161
16.5 1.45895
17 -2.29035
17.5 0.183059
18 -1.74484
18.5 -0.664605
19 -0.931198
19.5 -0.959709
20 0.0299381


0 -1.15619
0.5 0.242034
1 -1.06925
1.5 1.1516
2 -0.491672
2.5 1.53771
3 0.384836
3.5 1.17765
4 1.3357
4.5 0.0728663
5 2.15355
5.5 -1.52672
6 2.71235
6.5 -3.20937
7 3.00932
7.5 -4.55256
8 3.15863
8.5 -5.27612
9 3.33918
9.5 -5.34012
10 3.71542
10.5 -4.94472
11 4.35052
11.5 -4.41795
12 5.13473
12.5 -4.03587
13 5.77558
13.5 -3.88128
14 5.90177
14.5 -3.83887
15 5.26371
15.5 -3.71724
16 3.90668
16.5 -3.37946
17 2.17613
17.5 -2.77976
18 0.541296
18.5 -1.92694
19 -0.624851
19.5 -0.872348
20 -1.15619


0 -0.751451
0.5 -1.44503
1 0.56743
1.5 -1.50386
2 1.51792
2.5 -0.869636
3 1.76002
3.5 0.270642
4 1.0837
4.5 1.64588
5 -0.452055
5.5 2.95714
6 -2.50947
6.5 3.97225
7 -4.58917
7.5 4.60553
8 -6.21171
8.5 4.93986
9 -7.08885
9.5 5.18252
10 -7.22003
10.5 5.56898
11 -6.86774
11.5 6.23503
12 -6.403
12.5 7.09581
13 -6.08777
13.5 7.81046
14 -5.93339
14.5 7.91221
15 -5.74372
15.5 7.07508
16 -5.29969
16.5 5.34159
17 -4.51316
17.5 3.12695
18 -3.43028
18.5 0.995487
19 -2.14237
19.5 -0.6021
20 -0.751451


0 -0.617097
0.5 -0.533261
1 -1.87088
1.5 1.05468
2 -2.10355
2.5 2.03262
3 -1.35915
3.5 2.03559
4 0.175537
4.5 0.881176
5 2.15856
5.5 -1.28114
6 4.16096
6.5 -3.98501
7 5.80498
7.5 -6.60929
8 6.89553
8.5 -8.60178
9 7.47923
9.5 -9.67305
10 7.80832
10.5 -9.88635
11 8.21732
11.5 -9.59377
12 8.93636
12.5 -9.22041
13 9.90366
13.5 -8.99791
14 10.7023
14.5 -8.83053
15 10.7339
15.5 -8.41125
16 9.57844
16.5 -7.4911
17 7.28928
17.5 -6.05802
18 4.38674
18.5 -4.28885
19 1.56657
19.5 -2.38933
20 -0.617097


0 -2.65942
0.5 -0.703661
1 -0.165024
1.5 -2.49805
2 1.7717
2.5 -2.93121
3 2.74506
3.5 -1.98763
4 2.3627
4.5 0.13642
5 0.493997
5.5 2.99103
6 -2.5727
6.5 5.96204
7 -6.18524
7.5 8.47195
8 -9.55489
8.5 10.1821
9 -12.0377
9.5 11.0993
10 -13.3559
10.5 11.5467
11 -13.672
11.5 11.9972
12 -13.4646
12.5 12.8025
13 -13.2242
13.5 13.9169
14 -13.1257
14.5 14.8059
15 -12.916
15.5 14.6909
16 -12.1385
16.5 13.0371
17 -10.5162
17.5 9.93257
18 -8.15411
18.5 6.0535
19 -5.41402
19.5 2.27721
20 -2.65942


0 3.14995
0.5 -2.93293
1 -0.915466
1.5 0.431431
2 -3.41852
2.5 2.81284
3 -4.07133
3.5 3.71789
4 -2.78438
4.5 2.72745
5 0.218332
5.5 -0.199049
6 4.32282
6.5 -4.56368
7 8.65101
7.5 -9.44859
8 12.3516
8.5 -13.8362
9 14.8987
9.5 -16.969
10 16.2595
10.5 -18.6028
11 16.8674
11.5 -19.0512
12 17.3885
12.5 -18.9674
13 18.3294
13.5 -18.9185
14 19.6448
14.5 -18.9798
15 20.6212
15.5 -18.6707
16 20.2341
16.5 -17.3361
17 17.8126
17.5 -14.6805
18 13.5174
18.5 -10.987
19 8.25399
19.5 -6.87767
20 3.14995


0 -8.76651
0.5 4.20376
1 -3.17156
1.5 -1.33598
2 1.3709
2.5 -4.76301
3 4.30829
3.5 -5.63628
4 5.0289
4.5 -3.77672
5 3.0934
5.5 0.531729
6 -1.3887
6.5 6.42704
7 -7.60744
7.5 12.6555
8 -14.268
8.5 17.9912
9 -20.0428
9.5 21.6657
10 -24.0368
10.5 23.614
11 -26.0762
11.5 24.439
12 -26.6989
12.5 25.0749
13 -26.7971
13.5 26.2238
14 -27.0201
14.5 27.8096
15 -27.279
15.5 28.8511
16 -26.7673
16.5 27.9906
17 -24.5713
17.5 24.3999
18 -20.3989
18.5 18.3739
19 -14.8016
19.5 11.1509
20 -8.76651


0 14.9515
0.5 -11.1825
1 5.44789
1.5 -3.3072
2 -2.09291
2.5 2.82057
3 -6.71601
3.5 6.43629
4 -7.7737
4.5 6.77162
5 -4.98248
5.5 3.38484
6 1.25926
6.5 -3.37203
7 9.71684
7.5 -12.229
8 18.6028
8.5 -21.36
9 26.1804
9.5 -29.0213
10 31.3704
10.5 -34.1557
11 34.0943
11.5 -36.7186
12 35.2129
12.5 -37.5768
13 36.0312
13.5 -37.9437
14 37.4922
14.5 -38.5486
15 39.4355
15.5 -39.0382
16 40.4837
16.5 -38.1457
17 38.8311
17.5 -34.6258
18 33.4762
18.5 -28.2333
19 24.9435
19.5 -19.9197
20 14.9515


0 -26.7621
0.5 19.9169
1 -14.2418
1.5 6.87171
2 -3.22517
2.5 -3.37902
3 5.02212
3.5 -9.53617
4 9.43883
4.5 -10.6747
5 9.05371
5.5 -6.39632
6 3.45958
6.5 2.697
7 -6.60783
7.5 14.8142
8 -19.2059
8.5 27.4118
9 -31.7649
9.5 38.0582
10 -41.986
10.5 45.2807
11 -48.6291
11.5 49.0266
12 -51.8714
12.5 50.5437
13 -53.0546
13.5 51.6463
14 -53.8185
14.5 53.5677
15 -54.9522
15.5 55.9727
16 -55.6888
16.5 56.905
17 -54.1172
17.5 53.9626
18 -48.5756
18.5 45.9659
19 -38.9432
19.5 33.8152
20 -26.7621


0 45.772
0.5 -35.8761
1 26.3728
1.5 -18.0697
2 8.42827
2.5 -2.73926
3 -5.4819
3.5 8.32228
4 -13.5835
4.5 13.6415
5 -14.5824
5.5 11.9905
6 -7.96592
6.5 3.06601
7 5.31746
7.5 -11.7993
8 22.6513
8.5 -29.6863
9 40.4245
9.5 -46.9899
10 55.2648
10.5 -60.6773
11 65.2078
11.5 -69.3152
12 70.2986
12.5 -73.4437
13 72.36
13.5 -75.0839
14 73.8996
14.5 -76.432
15 76.4891
15.5 -78.2869
16 79.4729
16.5 -79.247
17 80.0578
17.5 -76.5091
18 75.0557
18.5 -67.8995
19 63.1285
19.5 -53.5525
20 45.772


0 -73.4384
0.5 61.8511
1 -47.969
1.5 34.7188
2 -22.7911
2.5 10.0084
3 -1.55492
3.5 -8.82637
4 13.2151
4.5 -19.3557
5 19.4777
5.5 -19.7988
6 15.6905
6.5 -9.55204
7 1.77562
7.5 9.86535
8 -20.0178
8.5 34.6197
9 -45.3613
9.5 59.5977
10 -69.2161
10.5 80.1595
11 -87.5883
11.5 93.7376
12 -98.8611
12.5 100.598
13 -104.153
13.5 103.408
14 -106.445
14.5 105.612
15 -108.647
15.5 109.156
16 -111.469
16.5 112.836
17 -112.55
17.5 112.662
18 -107.864
18.5 104.42
19 -94.6263
19.5 86.6769
20 -73.4384


0 118.936
0.5 -100.448
1 83.4211
1.5 -63.9486
2 45.4368
2.5 -28.511
3 11.4008
3.5 0.784433
4 -14.0342
4.5 20.3994
5 -27.5351
5.5 27.5175
6 -26.6879
6.5 20.2262
7 -10.8629
7.5 -1.12186
8 17.5023
8.5 -32.8855
9 52.7895
9.5 -68.7147
10 87.7795
10.5 -101.595
11 116.133
11.5 -126.287
12 134.561
12.5 -141.039
13 143.75
13.5 -147.866
14 147.598
14.5 -151.097
15 150.801
15.5 -154.541
16 155.69
16.5 -158.633
17 160.158
17.5 -159.587
18 158.519
18.5 -151.716
19 145.244
19.5 -131.535
20 118.936


0 -182.424
0.5 163.053
1 -137.054
1.5 112.28
2 -84.9705
2.5 59.0938
3 -35.2813
3.5 12.2313
4 4.97516
4.5 -22.0078
5 30.8571
5.5 -39.0496
6 38.4996
6.5 -35.6695
7 25.5807
7.5 -11.3484
8 -6.77994
8.5 30.0245
9 -52.8479
9.5 80.2298
10 -103.387
10.5 129.108
11 -148.677
11.5 168.055
12 -181.876
12.5 192.942
13 -201.22
13.5 205.201
14 -210.092
14.5 210.5
15 -214.686
15.5 215.192
16 -219.915
16.5 221.943
17 -225.631
17.5 227.214
18 -225.957
18.5 222.938
19 -212.968
19.5 201.921
20 -182.424


0 280.496
0.5 -252.478
1 223.283
1.5 -186.549
2 150.777
2.5 -112.491
3 76.3351
3.5 -43.0448
4 11.8719
4.5 12.0651
5 -34.0467
5.5 45.9578
6 -55.149
6.5 53.3645
7 -47.1944
7.5 31.556
8 -10.0323
8.5 -17.0426
9 50.189
9.5 -83.5738
10 121.478
10.5 -154.702
11 189.584
11.5 -217.016
12 242.909
12.5 -261.652
13 276.39
13.5 -287.056
14 292.704
14.5 -298.669
15 300.047
15.5 -305.247
16 306.936
16.5 -313.02
17 316.224
17.5 -320.747
18 322.145
18.5 -319.51
19 313.322
19.5 -298.414
20 280.496


0 -417.459
0.5 389.273
1 -348.762
1.5 305.36
2 -253.314
2.5 201.969
3 -148.325
3.5 97.8594
4 -51.5462
4.5 9.30583
5 23.6127
5.5 -52.0083
6 67.5976
6.5 -77.4993
7 73.2825
7.5 -61.6881
8 37.6166
8.5 -5.24796
9 -34.8205
9.5 82.2001
10 -130.547
10.5 183.221
11 -230.429
11.5 277.903
12 -316.055
12.5 350.709
13 -376.038
13.5 395.611
14 -409.444
14.5 417.296
15 -424.761
15.5 427.538
16 -434.233
16.5 437.637
17 -445.586
17.5 450.314
18 -455.686
18.5 456.407
19 -451.245
19.5 439.982
20 -417.459


0 617.255
0.5 -583.094
1 539.646
1.5 -480.878
2 416.995
2.5 -343.149
3 269.805
3.5 -194.701
4 124.364
4.5 -60.1914
5 2.92912
5.5 41.9122
6 -78.5275
6.5 98.3807
7 -108.294
7.5 99.6646
8 -79.4379
8.5 42.6342
9 5.77192
9.5 -64.6597
10 132.433
10.5 -201.931
11 275.295
11.5 -341.888
12 406.639
12.5 -459.375
13 505.795
13.5 -539.921
14 565.865
14.5 -583.902
15 594.692
15.5 -604.265
16 609.066
16.5 -617.951
17 623.811
17.5 -634.28
18 640.909
18.5 -646.981
19 646.11
19.5 -636.544
20 617.255


0 -896.902
0.5 865.06
1 -813.248
1.5 747.21
2 -661.856
2.5 568.53
3 -463.705
3.5 359.351
4 -254.307
4.5 156.442
5 -67.8311
5.5 -9.73746
6 70.3103
6.5 -117.315
7 141.853
7.5 -150.378
8 134.14
8.5 -100.386
9 44.4741
9.5 27.5289
10 -113.599
10.5 210.507
11 -309.847
11.5 412.128
12 -505.541
12.5 593.956
13 -666.491
13.5 728.699
14 -774.556
14.5 808.902
15 -832.527
15.5 847.263
16 -859.817
16.5 867.55
17 -879.619
17.5 888.951
18 -902.768
18.5 911.652
19 -917.957
19.5 913.881
20 -896.902


0 1291.46
0.5 -1262.31
1 1211.02
1.5 -1132.62
2 1033.29
2.5 -909.339
3 773.794
3.5 -625.03
4 477.06
4.5 -330.308
5 194.399
5.5 -72.4329
6 -32.4643
6.5 113.647
7 -173.559
7.5 202.797
8 -207.377
8.5 178.458
9 -123.772
9.5 39.3385
10 67.2296
10.5 -192.455
11 330.87
11.5 -472.225
12 614.839
12.5 -745.287
13 866.06
13.5 -965.424
14 1048.79
14.5 -1110.27
15 1155.71
15.5 -1186.78
16 1206.87
16.5 -1223.65
17 1235.63
17.5 -1252.29
18 1266.46
18.5 -1284.63
19 1295.99
19.5 -1301.48
20 1291.46


0 -1843.85
0.5 1823.33
1 -1774.58
1.5 1693.41
2 -1575.18
2.5 1426.97
3 -1247.16
3.5 1051.23
4 -840.259
4.5 631.061
5 -426.313
5.5 237.957
6 -70.592
6.5 -70.9078
7 178.863
7.5 -254.454
8 287.595
8.5 -283.804
9 234.275
9.5 -147.52
10 20.7327
10.5 136.264
11 -317.741
11.5 515.139
12 -715.526
12.5 914.282
13 -1095.78
13.5 1260.72
14 -1396.38
14.5 1508.08
15 -1590.33
15.5 1650.45
16 -1691.48
16.5 1718.86
17 -1741.68
17.5 1759.79
18 -1783.01
18.5 1803.81
19 -1827.49
19.5 1841.21
20 -1843.85


