0 0
0.5 0.309017
1 0.587785
1.5 0.809017
2 0.951057
2.5 1
3 0.951057
3.5 0.809017
4 0.587785
4.5 0.309017
5 1.22465e-16
5.5 -0.309017
6 -0.587785
6.5 -0.809017
7 -0.951057
7.5 -1
8 -0.951057
8.5 -0.809017
9 -0.587785
9.5 -0.309017
10 -2.44929e-16
10.5 0.309017
11 0.587785
11.5 0.809017
12 0.951057
12.5 1
13 0.951057
13.5 0.809017
14 0.587785
14.5 0.309017
15 3.67394e-16
15.5 -0.309017
16 -0.587785
16.5 -0.809017
17 -0.951057
17.5 -1
18 -0.951057
18.5 -0.809017
19 -0.587785
19.5 -0.309017
20 -4.89859e-16


0 -0.312107
0.5 -0.00309017
1 0.306229
1.5 0.585573
2 0.807597
2.5 0.950567
3 1.00049
3.5 0.952477
4 0.811229
4.5 0.590573
5 0.312107
5.5 0.00309017
6 -0.306229
6.5 -0.585573
7 -0.807597
7.5 -0.950567
8 -1.00049
8.5 -0.952477
9 -0.811229
9.5 -0.590573
10 -0.312107
10.5 -0.00309017
11 0.306229
11.5 0.585573
12 0.807597
12.5 0.950567
13 1.00049
13.5 0.952477
14 0.811229
14.5 0.590573
15 0.312107
15.5 0.00309017
16 -0.306229
16.5 -0.585573
17 -0.807597
17.5 -0.950567
18 -1.00049
18.5 -0.952477
19 -0.811229
19.5 -0.590573
20 -0.312107


0 -0.593358
0.5 -0.315197
1 -0.00618336
1.5 0.303436
2 0.583353
2.5 0.806167
3 0.950068
3.5 1.00097
4 0.953889
4.5 0.813436
5 0.593358
5.5 0.315197
6 0.00618336
6.5 -0.303436
7 -0.583353
7.5 -0.806167
8 -0.950068
8.5 -1.00097
9 -0.953889
9.5 -0.813436
10 -0.593358
10.5 -0.315197
11 -0.00618336
11.5 0.303436
12 0.583353
12.5 0.806167
13 0.950068
13.5 1.00097
14 0.953889
14.5 0.813436
15 0.593358
15.5 0.315197
16 0.00618336
16.5 -0.303436
17 -0.583353
17.5 -0.806167
18 -0.950068
18.5 -1.00097
19 -0.953889
19.5 -0.813436
20 -0.593358


0 -0.815637
0.5 -0.596139
1 -0.318287
1.5 -0.00927956
2 0.300637
2.5 0.581125
3 0.804728
3.5 0.949559
4 1.00144
4.5 0.955294
5 0.815637
5.5 0.596139
6 0.318287
6.5 0.00927956
7 -0.300637
7.5 -0.581125
8 -0.804728
8.5 -0.949559
9 -1.00144
9.5 -0.955294
10 -0.815637
10.5 -0.596139
11 -0.318287
11.5 -0.00927956
12 0.300637
12.5 0.581125
13 0.804728
13.5 0.949559
14 1.00144
14.5 0.955294
15 0.815637
15.5 0.596139
16 0.318287
16.5 0.00927956
17 -0.300637
17.5 -0.581125
18 -0.804728
18.5 -0.949559
19 -1.00144
19.5 -0.955294
20 -0.815637


0 -0.95669
0.5 -0.817832
1 -0.598918
1.5 -0.321378
2 -0.0123787
2.5 0.297832
3 0.578889
3.5 0.80328
4 0.94904
4.5 1.0019
5 0.95669
5.5 0.817832
6 0.598918
6.5 0.321378
7 0.0123787
7.5 -0.297832
8 -0.578889
8.5 -0.80328
9 -0.94904
9.5 -1.0019
10 -0.95669
10.5 -0.817832
11 -0.598918
11.5 -0.321378
12 -0.0123787
12.5 0.297832
13 0.578889
13.5 0.80328
14 0.94904
14.5 1.0019
15 0.95669
15.5 0.817832
16 0.598918
16.5 0.321378
17 0.0123787
17.5 -0.297832
18 -0.578889
18.5 -0.80328
19 -0.94904
19.5 -1.0019
20 -0.95669


0 -1.00235
0.5 -0.958079
1 -0.820021
1.5 -0.601693
2 -0.324468
2.5 -0.0154808
3 0.295021
3.5 0.576645
4 0.801822
4.5 0.948511
5 1.00235
5.5 0.958079
6 0.820021
6.5 0.601693
7 0.324468
7.5 0.0154808
8 -0.295021
8.5 -0.576645
9 -0.801822
9.5 -0.948511
10 -1.00235
10.5 -0.958079
11 -0.820021
11.5 -0.601693
12 -0.324468
12.5 -0.0154808
13 0.295021
13.5 0.576645
14 0.801822
14.5 0.948511
15 1.00235
15.5 0.958079
16 0.820021
16.5 0.601693
17 0.324468
17.5 0.0154808
18 -0.295021
18.5 -0.576645
19 -0.801822
19.5 -0.948511
20 -1.00235


0 -0.947973
0.5 -1.0028
1 -0.95946
1.5 -0.822204
2 -0.604465
2.5 -0.327557
3 -0.0185858
3.5 0.292205
4 0.574393
4.5 0.800355
5 0.947973
5.5 1.0028
6 0.95946
6.5 0.822204
7 0.604465
7.5 0.327557
8 0.0185858
8.5 -0.292205
9 -0.574393
9.5 -0.800355
10 -0.947973
10.5 -1.0028
11 -0.95946
11.5 -0.822204
12 -0.604465
12.5 -0.327557
13 -0.0185858
13.5 0.292205
14 0.574393
14.5 0.800355
15 0.947973
15.5 1.0028
16 0.95946
16.5 0.822204
17 0.604465
17.5 0.327557
18 0.0185858
18.5 -0.292205
19 -0.574393
19.5 -0.800355
20 -0.947973


0 -0.798879
0.5 -0.947425
1 -1.00323
1.5 -0.960832
2 -0.824381
2.5 -0.607234
3 -0.330647
3.5 -0.0216938
4 0.289383
4.5 0.572133
5 0.798879
5.5 0.947425
6 1.00323
6.5 0.960832
7 0.824381
7.5 0.607234
8 0.330647
8.5 0.0216938
9 -0.289383
9.5 -0.572133
10 -0.798879
10.5 -0.947425
11 -1.00323
11.5 -0.960832
12 -0.824381
12.5 -0.607234
13 -0.330647
13.5 -0.0216938
14 0.289383
14.5 0.572133
15 0.798879
15.5 0.947425
16 1.00323
16.5 0.960832
17 0.824381
17.5 0.607234
18 0.330647
18.5 0.0216938
19 -0.289383
19.5 -0.572133
20 -0.798879


0 -0.569866
0.5 -0.797393
1 -0.946867
1.5 -1.00365
2 -0.962197
2.5 -0.826553
3 -0.61
3.5 -0.333737
4 -0.0248045
4.5 0.286556
5 0.569866
5.5 0.797393
6 0.946867
6.5 1.00365
7 0.962197
7.5 0.826553
8 0.61
8.5 0.333737
9 0.0248045
9.5 -0.286556
10 -0.569866
10.5 -0.797393
11 -0.946867
11.5 -1.00365
12 -0.962197
12.5 -0.826553
13 -0.61
13.5 -0.333737
14 -0.0248045
14.5 0.286556
15 0.569866
15.5 0.797393
16 0.946867
16.5 1.00365
17 0.962197
17.5 0.826553
18 0.61
18.5 0.333737
19 0.0248045
19.5 -0.286556
20 -0.569866


0 -0.283723
0.5 -0.56759
1 -0.795899
1.5 -0.946299
2 -1.00407
2.5 -0.963553
3 -0.828718
3.5 -0.612763
4 -0.336826
4.5 -0.0279181
5 0.283723
5.5 0.56759
6 0.795899
6.5 0.946299
7 1.00407
7.5 0.963553
8 0.828718
8.5 0.612763
9 0.336826
9.5 0.0279181
10 -0.283723
10.5 -0.56759
11 -0.795899
11.5 -0.946299
12 -1.00407
12.5 -0.963553
13 -0.828718
13.5 -0.612763
14 -0.336826
14.5 -0.0279181
15 0.283723
15.5 0.56759
16 0.795899
16.5 0.946299
17 1.00407
17.5 0.963553
18 0.828718
18.5 0.612763
19 0.336826
19.5 0.0279181
20 -0.283723


0 0.0310345
0.5 -0.280884
1 -0.565307
1.5 -0.794395
2 -0.945721
2.5 -1.00447
3 -0.964902
3.5 -0.830878
4 -0.615522
4.5 -0.339915
5 -0.0310345
5.5 0.280884
6 0.565307
6.5 0.794395
7 0.945721
7.5 1.00447
8 0.964902
8.5 0.830878
9 0.615522
9.5 0.339915
10 0.0310345
10.5 -0.280884
11 -0.565307
11.5 -0.794395
12 -0.945721
12.5 -1.00447
13 -0.964902
13.5 -0.830878
14 -0.615522
14.5 -0.339915
15 -0.0310345
15.5 0.280884
16 0.565307
16.5 0.794395
17 0.945721
17.5 1.00447
18 0.964902
18.5 0.830878
19 0.615522
19.5 0.339915
20 0.0310345


0 0.343004
0.5 0.0341537
1 -0.27804
1.5 -0.563017
2 -0.792881
2.5 -0.945134
3 -1.00487
3.5 -0.966242
4 -0.833032
4.5 -0.618278
5 -0.343004
5.5 -0.0341537
6 0.27804
6.5 0.563017
7 0.792881
7.5 0.945134
8 1.00487
8.5 0.966242
9 0.833032
9.5 0.618278
10 0.343004
10.5 0.0341537
11 -0.27804
11.5 -0.563017
12 -0.792881
12.5 -0.945134
13 -1.00487
13.5 -0.966242
14 -0.833032
14.5 -0.618278
15 -0.343004
15.5 -0.0341537
16 0.27804
16.5 0.563017
17 0.792881
17.5 0.945134
18 1.00487
18.5 0.966242
19 0.833032
19.5 0.618278
20 0.343004


0 0.621031
0.5 0.346092
1 0.0372756
1.5 -0.27519
2 -0.560718
2.5 -0.791359
3 -0.944536
3.5 -1.00526
4 -0.967574
4.5 -0.835179
5 -0.621031
5.5 -0.346092
6 -0.0372756
6.5 0.27519
7 0.560718
7.5 0.791359
8 0.944536
8.5 1.00526
9 0.967574
9.5 0.835179
10 0.621031
10.5 0.346092
11 0.0372756
11.5 -0.27519
12 -0.560718
12.5 -0.791359
13 -0.944536
13.5 -1.00526
14 -0.967574
14.5 -0.835179
15 -0.621031
15.5 -0.346092
16 -0.0372756
16.5 0.27519
17 0.560718
17.5 0.791359
18 0.944536
18.5 1.00526
19 0.967574
19.5 0.835179
20 0.621031


0 0.837321
0.5 0.623781
1 0.349181
1.5 0.0404003
2 -0.272335
2.5 -0.558411
3 -0.789827
3.5 -0.943929
4 -1.00563
4.5 -0.968898
5 -0.837321
5.5 -0.623781
6 -0.349181
6.5 -0.0404003
7 0.272335
7.5 0.558411
8 0.789827
8.5 0.943929
9 1.00563
9.5 0.968898
10 0.837321
10.5 0.623781
11 0.349181
11.5 0.0404003
12 -0.272335
12.5 -0.558411
13 -0.789827
13.5 -0.943929
14 -1.00563
14.5 -0.968898
15 -0.837321
15.5 -0.623781
16 -0.349181
16.5 -0.0404003
17 0.272335
17.5 0.558411
18 0.789827
18.5 0.943929
19 1.00563
19.5 0.968898
20 0.837321


0 0.970214
0.5 0.839456
1 0.626527
1.5 0.352268
2 0.0435277
2.5 -0.269474
3 -0.556097
3.5 -0.788286
4 -0.943312
4.5 -1.006
5 -0.970214
5.5 -0.839456
6 -0.626527
6.5 -0.352268
7 -0.0435277
7.5 0.269474
8 0.556097
8.5 0.788286
9 0.943312
9.5 1.006
10 0.970214
10.5 0.839456
11 0.626527
11.5 0.352268
12 0.0435277
12.5 -0.269474
13 -0.556097
13.5 -0.788286
14 -0.943312
14.5 -1.006
15 -0.970214
15.5 -0.839456
16 -0.626527
16.5 -0.352268
17 -0.0435277
17.5 0.269474
18 0.556097
18.5 0.788286
19 0.943312
19.5 1.006
20 0.970214


0 1.00636
0.5 0.971521
1 0.841585
1.5 0.629269
2 0.355356
2.5 0.0466577
3 -0.266608
3.5 -0.553775
4 -0.786736
4.5 -0.942685
5 -1.00636
5.5 -0.971521
6 -0.841585
6.5 -0.629269
7 -0.355356
7.5 -0.0466577
8 0.266608
8.5 0.553775
9 0.786736
9.5 0.942685
10 1.00636
10.5 0.971521
11 0.841585
11.5 0.629269
12 0.355356
12.5 0.0466577
13 -0.266608
13.5 -0.553775
14 -0.786736
14.5 -0.942685
15 -1.00636
15.5 -0.971521
16 -0.841585
16.5 -0.629269
17 -0.355356
17.5 -0.0466577
18 0.266608
18.5 0.553775
19 0.786736
19.5 0.942685
20 1.00636


0 0.942048
0.5 1.00671
1 0.972821
1.5 0.843708
2 0.632008
2.5 0.358443
3 0.0497903
3.5 -0.263736
4 -0.551446
4.5 -0.785176
5 -0.942048
5.5 -1.00671
6 -0.972821
6.5 -0.843708
7 -0.632008
7.5 -0.358443
8 -0.0497903
8.5 0.263736
9 0.551446
9.5 0.785176
10 0.942048
10.5 1.00671
11 0.972821
11.5 0.843708
12 0.632008
12.5 0.358443
13 0.0497903
13.5 -0.263736
14 -0.551446
14.5 -0.785176
15 -0.942048
15.5 -1.00671
16 -0.972821
16.5 -0.843708
17 -0.632008
17.5 -0.358443
18 -0.0497903
18.5 0.263736
19 0.551446
19.5 0.785176
20 0.942048


0 0.783608
0.5 0.941402
1 1.00705
1.5 0.974112
2 0.845825
2.5 0.634744
3 0.361529
3.5 0.0529256
4 -0.260859
4.5 -0.549109
5 -0.783608
5.5 -0.941402
6 -1.00705
6.5 -0.974112
7 -0.845825
7.5 -0.634744
8 -0.361529
8.5 -0.0529256
9 0.260859
9.5 0.549109
10 0.783608
10.5 0.941402
11 1.00705
11.5 0.974112
12 0.845825
12.5 0.634744
13 0.361529
13.5 0.0529256
14 -0.260859
14.5 -0.549109
15 -0.783608
15.5 -0.941402
16 -1.00705
16.5 -0.974112
17 -0.845825
17.5 -0.634744
18 -0.361529
18.5 -0.0529256
19 0.260859
19.5 0.549109
20 0.783608


0 0.546764
0.5 0.78203
1 0.940745
1.5 1.00737
2 0.975394
2.5 0.847936
3 0.637476
3.5 0.364615
4 0.0560634
4.5 -0.257976
5 -0.546764
5.5 -0.78203
6 -0.940745
6.5 -1.00737
7 -0.975394
7.5 -0.847936
8 -0.637476
8.5 -0.364615
9 -0.0560634
9.5 0.257976
10 0.546764
10.5 0.78203
11 0.940745
11.5 1.00737
12 0.975394
12.5 0.847936
13 0.637476
13.5 0.364615
14 0.0560634
14.5 -0.257976
15 -0.546764
15.5 -0.78203
16 -0.940745
16.5 -1.00737
17 -0.975394
17.5 -0.847936
18 -0.637476
18.5 -0.364615
19 -0.0560634
19.5 0.257976
20 0.546764


0 0.255088
0.5 0.544411
1 0.780443
1.5 0.940079
2 1.00769
2.5 0.976669
3 0.850041
3.5 0.640205
4 0.367701
4.5 0.0592038
5 -0.255088
5.5 -0.544411
6 -0.780443
6.5 -0.940079
7 -1.00769
7.5 -0.976669
8 -0.850041
8.5 -0.640205
9 -0.367701
9.5 -0.0592038
10 0.255088
10.5 0.544411
11 0.780443
11.5 0.940079
12 1.00769
12.5 0.976669
13 0.850041
13.5 0.640205
14 0.367701
14.5 0.0592038
15 -0.255088
15.5 -0.544411
16 -0.780443
16.5 -0.940079
17 -1.00769
17.5 -0.976669
18 -0.850041
18.5 -0.640205
19 -0.367701
19.5 -0.0592038
20 0.255088


0 -0.0623467
0.5 0.252195
1 0.542051
1.5 0.778846
2 0.939403
2.5 1.008
3 0.977935
3.5 0.852139
4 0.64293
4.5 0.370786
5 0.0623467
5.5 -0.252195
6 -0.542051
6.5 -0.778846
7 -0.939403
7.5 -1.008
8 -0.977935
8.5 -0.852139
9 -0.64293
9.5 -0.370786
10 -0.0623467
10.5 0.252195
11 0.542051
11.5 0.778846
12 0.939403
12.5 1.008
13 0.977935
13.5 0.852139
14 0.64293
14.5 0.370786
15 0.0623467
15.5 -0.252195
16 -0.542051
16.5 -0.778846
17 -0.939403
17.5 -1.008
18 -0.977935
18.5 -0.852139
19 -0.64293
19.5 -0.370786
20 -0.0623467


0 -0.37387
0.5 -0.0654922
1 0.249297
1.5 0.539683
2 0.777241
2.5 0.938717
3 1.00831
3.5 0.979193
4 0.854231
4.5 0.645651
5 0.37387
5.5 0.0654922
6 -0.249297
6.5 -0.539683
7 -0.777241
7.5 -0.938717
8 -1.00831
8.5 -0.979193
9 -0.854231
9.5 -0.645651
10 -0.37387
10.5 -0.0654922
11 0.249297
11.5 0.539683
12 0.777241
12.5 0.938717
13 1.00831
13.5 0.979193
14 0.854231
14.5 0.645651
15 0.37387
15.5 0.0654922
16 -0.249297
16.5 -0.539683
17 -0.777241
17.5 -0.938717
18 -1.00831
18.5 -0.979193
19 -0.854231
19.5 -0.645651
20 -0.37387


0 -0.648369
0.5 -0.376954
1 -0.0686401
1.5 0.246393
2 0.537307
2.5 0.775626
3 0.938021
3.5 1.0086
4 0.980443
4.5 0.856317
5 0.648369
5.5 0.376954
6 0.0686401
6.5 -0.246393
7 -0.537307
7.5 -0.775626
8 -0.938021
8.5 -1.0086
9 -0.980443
9.5 -0.856317
10 -0.648369
10.5 -0.376954
11 -0.0686401
11.5 0.246393
12 0.537307
12.5 0.775626
13 0.938021
13.5 1.0086
14 0.980443
14.5 0.856317
15 0.648369
15.5 0.376954
16 0.0686401
16.5 -0.246393
17 -0.537307
17.5 -0.775626
18 -0.938021
18.5 -1.0086
19 -0.980443
19.5 -0.856317
20 -0.648369


0 -0.858397
0.5 -0.651083
1 -0.380037
1.5 -0.0717904
2 0.243484
2.5 0.534924
3 0.774002
3.5 0.937315
4 1.00888
4.5 0.981684
5 0.858397
5.5 0.651083
6 0.380037
6.5 0.0717904
7 -0.243484
7.5 -0.534924
8 -0.774002
8.5 -0.937315
9 -1.00888
9.5 -0.981684
10 -0.858397
10.5 -0.651083
11 -0.380037
11.5 -0.0717904
12 0.243484
12.5 0.534924
13 0.774002
13.5 0.937315
14 1.00888
14.5 0.981684
15 0.858397
15.5 0.651083
16 0.380037
16.5 0.0717904
17 -0.243484
17.5 -0.534924
18 -0.774002
18.5 -0.937315
19 -1.00888
19.5 -0.981684
20 -0.858397


0 -0.982917
0.5 -0.86047
1 -0.653794
1.5 -0.38312
2 -0.0749431
2.5 0.240569
3 0.532533
3.5 0.772369
4 0.9366
4.5 1.00915
5 0.982917
5.5 0.86047
6 0.653794
6.5 0.38312
7 0.0749431
7.5 -0.240569
8 -0.532533
8.5 -0.772369
9 -0.9366
9.5 -1.00915
10 -0.982917
10.5 -0.86047
11 -0.653794
11.5 -0.38312
12 -0.0749431
12.5 0.240569
13 0.532533
13.5 0.772369
14 0.9366
14.5 1.00915
15 0.982917
15.5 0.86047
16 0.653794
16.5 0.38312
17 0.0749431
17.5 -0.240569
18 -0.532533
18.5 -0.772369
19 -0.9366
19.5 -1.00915
20 -0.982917


0 -1.00941
0.5 -0.984142
1 -0.862536
1.5 -0.6565
2 -0.386201
2.5 -0.0780982
3 0.23765
3.5 0.530135
4 0.770726
4.5 0.935874
5 1.00941
5.5 0.984142
6 0.862536
6.5 0.6565
7 0.386201
7.5 0.0780982
8 -0.23765
8.5 -0.530135
9 -0.770726
9.5 -0.935874
10 -1.00941
10.5 -0.984142
11 -0.862536
11.5 -0.6565
12 -0.386201
12.5 -0.0780982
13 0.23765
13.5 0.530135
14 0.770726
14.5 0.935874
15 1.00941
15.5 0.984142
16 0.862536
16.5 0.6565
17 0.386201
17.5 0.0780982
18 -0.23765
18.5 -0.530135
19 -0.770726
19.5 -0.935874
20 -1.00941


0 -0.935139
0.5 -1.00966
1 -0.985358
1.5 -0.864597
2 -0.659203
2.5 -0.389282
3 -0.0812557
3.5 0.234725
4 0.527729
4.5 0.769075
5 0.935139
5.5 1.00966
6 0.985358
6.5 0.864597
7 0.659203
7.5 0.389282
8 0.0812557
8.5 -0.234725
9 -0.527729
9.5 -0.769075
10 -0.935139
10.5 -1.00966
11 -0.985358
11.5 -0.864597
12 -0.659203
12.5 -0.389282
13 -0.0812557
13.5 0.234725
14 0.527729
14.5 0.769075
15 0.935139
15.5 1.00966
16 0.985358
16.5 0.864597
17 0.659203
17.5 0.389282
18 0.0812557
18.5 -0.234725
19 -0.527729
19.5 -0.769075
20 -0.935139


0 -0.767414
0.5 -0.934394
1 -1.00991
1.5 -0.986565
2 -0.866651
2.5 -0.661902
3 -0.392363
3.5 -0.0844155
4 0.231795
4.5 0.525315
5 0.767414
5.5 0.934394
6 1.00991
6.5 0.986565
7 0.866651
7.5 0.661902
8 0.392363
8.5 0.0844155
9 -0.231795
9.5 -0.525315
10 -0.767414
10.5 -0.934394
11 -1.00991
11.5 -0.986565
12 -0.866651
12.5 -0.661902
13 -0.392363
13.5 -0.0844155
14 0.231795
14.5 0.525315
15 0.767414
15.5 0.934394
16 1.00991
16.5 0.986565
17 0.866651
17.5 0.661902
18 0.392363
18.5 0.0844155
19 -0.231795
19.5 -0.525315
20 -0.767414


0 -0.522894
0.5 -0.765745
1 -0.933638
1.5 -1.01014
2 -0.987764
2.5 -0.868698
3 -0.664598
3.5 -0.395442
4 -0.0875776
4.5 0.22886
5 0.522894
5.5 0.765745
6 0.933638
6.5 1.01014
7 0.987764
7.5 0.868698
8 0.664598
8.5 0.395442
9 0.0875776
9.5 -0.22886
10 -0.522894
10.5 -0.765745
11 -0.933638
11.5 -1.01014
12 -0.987764
12.5 -0.868698
13 -0.664598
13.5 -0.395442
14 -0.0875776
14.5 0.22886
15 0.522894
15.5 0.765745
16 0.933638
16.5 1.01014
17 0.987764
17.5 0.868698
18 0.664598
18.5 0.395442
19 0.0875776
19.5 -0.22886
20 -0.522894


0 -0.225919
0.5 -0.520466
1 -0.764066
1.5 -0.932873
2 -1.01036
2.5 -0.988955
3 -0.870739
3.5 -0.667289
4 -0.398521
4.5 -0.090742
5 0.225919
5.5 0.520466
6 0.764066
6.5 0.932873
7 1.01036
7.5 0.988955
8 0.870739
8.5 0.667289
9 0.398521
9.5 0.090742
10 -0.225919
10.5 -0.520466
11 -0.764066
11.5 -0.932873
12 -1.01036
12.5 -0.988955
13 -0.870739
13.5 -0.667289
14 -0.398521
14.5 -0.090742
15 0.225919
15.5 0.520466
16 0.764066
16.5 0.932873
17 1.01036
17.5 0.988955
18 0.870739
18.5 0.667289
19 0.398521
19.5 0.090742
20 -0.225919


0 0.0939086
0.5 -0.222974
1 -0.51803
1.5 -0.762378
2 -0.932098
2.5 -1.01058
3 -0.990137
3.5 -0.872774
4 -0.669977
4.5 -0.401599
5 -0.0939086
5.5 0.222974
6 0.51803
6.5 0.762378
7 0.932098
7.5 1.01058
8 0.990137
8.5 0.872774
9 0.669977
9.5 0.401599
10 0.0939086
10.5 -0.222974
11 -0.51803
11.5 -0.762378
12 -0.932098
12.5 -1.01058
13 -0.990137
13.5 -0.872774
14 -0.669977
14.5 -0.401599
15 -0.0939086
15.5 0.222974
16 0.51803
16.5 0.762378
17 0.932098
17.5 1.01058
18 0.990137
18.5 0.872774
19 0.669977
19.5 0.401599
20 0.0939086


0 0.404675
0.5 0.0970774
1 -0.220023
1.5 -0.515586
2 -0.76068
2.5 -0.931314
3 -1.01078
3.5 -0.991311
4 -0.874802
4.5 -0.672661
5 -0.404675
5.5 -0.0970774
6 0.220023
6.5 0.515586
7 0.76068
7.5 0.931314
8 1.01078
8.5 0.991311
9 0.874802
9.5 0.672661
10 0.404675
10.5 0.0970774
11 -0.220023
11.5 -0.515586
12 -0.76068
12.5 -0.931314
13 -1.01078
13.5 -0.991311
14 -0.874802
14.5 -0.672661
15 -0.404675
15.5 -0.0970774
16 0.220023
16.5 0.515586
17 0.76068
17.5 0.931314
18 1.01078
18.5 0.991311
19 0.874802
19.5 0.672661
20 0.404675


0 0.675341
0.5 0.407751
1 0.100248
1.5 -0.217068
2 -0.513135
2.5 -0.758974
3 -0.930519
3.5 -1.01098
4 -0.992476
4.5 -0.876823
5 -0.675341
5.5 -0.407751
6 -0.100248
6.5 0.217068
7 0.513135
7.5 0.758974
8 0.930519
8.5 1.01098
9 0.992476
9.5 0.876823
10 0.675341
10.5 0.407751
11 0.100248
11.5 -0.217068
12 -0.513135
12.5 -0.758974
13 -0.930519
13.5 -1.01098
14 -0.992476
14.5 -0.876823
15 -0.675341
15.5 -0.407751
16 -0.100248
16.5 0.217068
17 0.513135
17.5 0.758974
18 0.930519
18.5 1.01098
19 0.992476
19.5 0.876823
20 0.675341


0 0.878838
0.5 0.678017
1 0.410826
1.5 0.103422
2 -0.214107
2.5 -0.510677
3 -0.757259
3.5 -0.929714
4 -1.01116
4.5 -0.993632
5 -0.878838
5.5 -0.678017
6 -0.410826
6.5 -0.103422
7 0.214107
7.5 0.510677
8 0.757259
8.5 0.929714
9 1.01116
9.5 0.993632
10 0.878838
10.5 0.678017
11 0.410826
11.5 0.103422
12 -0.214107
12.5 -0.510677
13 -0.757259
13.5 -0.929714
14 -1.01116
14.5 -0.993632
15 -0.878838
15.5 -0.678017
16 -0.410826
16.5 -0.103422
17 0.214107
17.5 0.510677
18 0.757259
18.5 0.929714
19 1.01116
19.5 0.993632
20 0.878838


0 0.99478
0.5 0.880846
1 0.680689
1.5 0.4139
2 0.106597
2.5 -0.211141
3 -0.508211
3.5 -0.755534
4 -0.9289
4.5 -1.01134
5 -0.99478
5.5 -0.880846
6 -0.680689
6.5 -0.4139
7 -0.106597
7.5 0.211141
8 0.508211
8.5 0.755534
9 0.9289
9.5 1.01134
10 0.99478
10.5 0.880846
11 0.680689
11.5 0.4139
12 0.106597
12.5 -0.211141
13 -0.508211
13.5 -0.755534
14 -0.9289
14.5 -1.01134
15 -0.99478
15.5 -0.880846
16 -0.680689
16.5 -0.4139
17 -0.106597
17.5 0.211141
18 0.508211
18.5 0.755534
19 0.9289
19.5 1.01134
20 0.99478


0 1.0115
0.5 0.99592
1 0.882848
1.5 0.683356
2 0.416974
2.5 0.109774
3 -0.20817
3.5 -0.505738
4 -0.7538
4.5 -0.928075
5 -1.0115
5.5 -0.99592
6 -0.882848
6.5 -0.683356
7 -0.416974
7.5 -0.109774
8 0.20817
8.5 0.505738
9 0.7538
9.5 0.928075
10 1.0115
10.5 0.99592
11 0.882848
11.5 0.683356
12 0.416974
12.5 0.109774
13 -0.20817
13.5 -0.505738
14 -0.7538
14.5 -0.928075
15 -1.0115
15.5 -0.99592
16 -0.882848
16.5 -0.683356
17 -0.416974
17.5 -0.109774
18 0.20817
18.5 0.505738
19 0.7538
19.5 0.928075
20 1.0115


0 0.927241
0.5 1.01166
1 0.99705
1.5 0.884843
2 0.68602
2.5 0.420045
3 0.112954
3.5 -0.205195
4 -0.503257
4.5 -0.752058
5 -0.927241
5.5 -1.01166
6 -0.99705
6.5 -0.884843
7 -0.68602
7.5 -0.420045
8 -0.112954
8.5 0.205195
9 0.503257
9.5 0.752058
10 0.927241
10.5 1.01166
11 0.99705
11.5 0.884843
12 0.68602
12.5 0.420045
13 0.112954
13.5 -0.205195
14 -0.503257
14.5 -0.752058
15 -0.927241
15.5 -1.01166
16 -0.99705
16.5 -0.884843
17 -0.68602
17.5 -0.420045
18 -0.112954
18.5 0.205195
19 0.503257
19.5 0.752058
20 0.927241


0 0.750306
0.5 0.926397
1 1.01181
1.5 0.998173
2 0.886831
2.5 0.68868
3 0.423116
3.5 0.116135
4 -0.202214
4.5 -0.500769
5 -0.750306
5.5 -0.926397
6 -1.01181
6.5 -0.998173
7 -0.886831
7.5 -0.68868
8 -0.423116
8.5 -0.116135
9 0.202214
9.5 0.500769
10 0.750306
10.5 0.926397
11 1.01181
11.5 0.998173
12 0.886831
12.5 0.68868
13 0.423116
13.5 0.116135
14 -0.202214
14.5 -0.500769
15 -0.750306
15.5 -0.926397
16 -1.01181
16.5 -0.998173
17 -0.886831
17.5 -0.68868
18 -0.423116
18.5 -0.116135
19 0.202214
19.5 0.500769
20 0.750306


0 0.498274
0.5 0.748545
1 0.925543
1.5 1.01194
2 0.999286
2.5 0.888812
3 0.691336
3.5 0.426186
4 0.119319
4.5 -0.199229
5 -0.498274
5.5 -0.748545
6 -0.925543
6.5 -1.01194
7 -0.999286
7.5 -0.888812
8 -0.691336
8.5 -0.426186
9 -0.119319
9.5 0.199229
10 0.498274
10.5 0.748545
11 0.925543
11.5 1.01194
12 0.999286
12.5 0.888812
13 0.691336
13.5 0.426186
14 0.119319
14.5 -0.199229
15 -0.498274
15.5 -0.748545
16 -0.925543
16.5 -1.01194
17 -0.999286
17.5 -0.888812
18 -0.691336
18.5 -0.426186
19 -0.119319
19.5 0.199229
20 0.498274


0 0.196238
0.5 0.495771
1 0.746775
1.5 0.924679
2 1.01207
2.5 1.00039
3 0.890787
3.5 0.693987
4 0.429255
4.5 0.122504
5 -0.196238
5.5 -0.495771
6 -0.746775
6.5 -0.924679
7 -1.01207
7.5 -1.00039
8 -0.890787
8.5 -0.693987
9 -0.429255
9.5 -0.122504
10 0.196238
10.5 0.495771
11 0.746775
11.5 0.924679
12 1.01207
12.5 1.00039
13 0.890787
13.5 0.693987
14 0.429255
14.5 0.122504
15 -0.196238
15.5 -0.495771
16 -0.746775
16.5 -0.924679
17 -1.01207
17.5 -1.00039
18 -0.890787
18.5 -0.693987
19 -0.429255
19.5 -0.122504
20 0.196238


0 -0.125692
0.5 0.193243
1 0.493261
1.5 0.744996
2 0.923805
2.5 1.01219
3 1.00149
3.5 0.892755
4 0.696634
4.5 0.432322
5 0.125692
5.5 -0.193243
6 -0.493261
6.5 -0.744996
7 -0.923805
7.5 -1.01219
8 -1.00149
8.5 -0.892755
9 -0.696634
9.5 -0.432322
10 -0.125692
10.5 0.193243
11 0.493261
11.5 0.744996
12 0.923805
12.5 1.01219
13 1.00149
13.5 0.892755
14 0.696634
14.5 0.432322
15 0.125692
15.5 -0.193243
16 -0.493261
16.5 -0.744996
17 -0.923805
17.5 -1.01219
18 -1.00149
18.5 -0.892755
19 -0.696634
19.5 -0.432322
20 -0.125692


