0 0
0.5 0.309017
1 0.587785
1.5 0.809017
2 0.951057
2.5 1
3 0.951057
3.5 0.809017
4 0.587785
4.5 0.309017
5 1.22465e-16
5.5 -0.309017
6 -0.587785
6.5 -0.809017
7 -0.951057
7.5 -1
8 -0.951057
8.5 -0.809017
9 -0.587785
9.5 -0.309017
10 -2.44929e-16
10.5 0.309017
11 0.587785
11.5 0.809017
12 0.951057
12.5 1
13 0.951057
13.5 0.809017
14 0.587785
14.5 0.309017
15 3.67394e-16
15.5 -0.309017
16 -0.587785
16.5 -0.809017
17 -0.951057
17.5 -1
18 -0.951057
18.5 -0.809017
19 -0.587785
19.5 -0.309017
20 -4.89859e-16


0 -0.309017
0.5 0
1 0.309017
1.5 0.587785
2 0.809017
2.5 0.951057
3 1
3.5 0.951057
4 0.809017
4.5 0.587785
5 0.309017
5.5 1.16226e-16
6 -0.309017
6.5 -0.587785
7 -0.809017
7.5 -0.951057
8 -1
8.5 -0.951057
9 -0.809017
9.5 -0.587785
10 -0.309017
10.5 -2.34188e-16
11 0.309017
11.5 0.587785
12 0.809017
12.5 0.951057
13 1
13.5 0.951057
14 0.809017
14.5 0.587785
15 0.309017
15.5 3.50414e-16
16 -0.309017
16.5 -0.587785
17 -0.809017
17.5 -0.951057
18 -1
18.5 -0.951057
19 -0.809017
19.5 -0.587785
20 -0.309017


0 -0.587785
0.5 -0.309017
1 0
1.5 0.309017
2 0.587785
2.5 0.809017
3 0.951057
3.5 1
4 0.951057
4.5 0.809017
5 0.587785
5.5 0.309017
6 1.14492e-16
6.5 -0.309017
7 -0.587785
7.5 -0.809017
8 -0.951057
8.5 -1
9 -0.951057
9.5 -0.809017
10 -0.587785
10.5 -0.309017
11 -2.28983e-16
11.5 0.309017
12 0.587785
12.5 0.809017
13 0.951057
13.5 1
14 0.951057
14.5 0.809017
15 0.587785
15.5 0.309017
16 3.41741e-16
16.5 -0.309017
17 -0.587785
17.5 -0.809017
18 -0.951057
18.5 -1
19 -0.951057
19.5 -0.809017
20 -0.587785


0 -0.809017
0.5 -0.587785
1 -0.309017
1.5 0
2 0.309017
2.5 0.587785
3 0.809017
3.5 0.951057
4 1
4.5 0.951057
5 0.809017
5.5 0.587785
6 0.309017
6.5 1.12757e-16
7 -0.309017
7.5 -0.587785
8 -0.809017
8.5 -0.951057
9 -1
9.5 -0.951057
10 -0.809017
10.5 -0.587785
11 -0.309017
11.5 -2.25514e-16
12 0.309017
12.5 0.587785
13 0.809017
13.5 0.951057
14 1
14.5 0.951057
15 0.809017
15.5 0.587785
16 0.309017
16.5 3.36536e-16
17 -0.309017
17.5 -0.587785
18 -0.809017
18.5 -0.951057
19 -1
19.5 -0.951057
20 -0.809017


0 -0.951057
0.5 -0.809017
1 -0.587785
1.5 -0.309017
2 0
2.5 0.309017
3 0.587785
3.5 0.809017
4 0.951057
4.5 1
5 0.951057
5.5 0.809017
6 0.587785
6.5 0.309017
7 1.11022e-16
7.5 -0.309017
8 -0.587785
8.5 -0.809017
9 -0.951057
9.5 -1
10 -0.951057
10.5 -0.809017
11 -0.587785
11.5 -0.309017
12 -2.23779e-16
12.5 0.309017
13 0.587785
13.5 0.809017
14 0.951057
14.5 1
15 0.951057
15.5 0.809017
16 0.587785
16.5 0.309017
17 3.34802e-16
17.5 -0.309017
18 -0.587785
18.5 -0.809017
19 -0.951057
19.5 -1
20 -0.951057


0 -1
0.5 -0.951057
1 -0.809017
1.5 -0.587785
2 -0.309017
2.5 0
3 0.309017
3.5 0.587785
4 0.809017
4.5 0.951057
5 1
5.5 0.951057
6 0.809017
6.5 0.587785
7 0.309017
7.5 1.11022e-16
8 -0.309017
8.5 -0.587785
9 -0.809017
9.5 -0.951057
10 -1
10.5 -0.951057
11 -0.809017
11.5 -0.587785
12 -0.309017
12.5 -2.22045e-16
13 0.309017
13.5 0.587785
14 0.809017
14.5 0.951057
15 1
15.5 0.951057
16 0.809017
16.5 0.587785
17 0.309017
17.5 3.33067e-16
18 -0.309017
18.5 -0.587785
19 -0.809017
19.5 -0.951057
20 -1


0 -0.951057
0.5 -1
1 -0.951057
1.5 -0.809017
2 -0.587785
2.5 -0.309017
3 0
3.5 0.309017
4 0.587785
4.5 0.809017
5 0.951057
5.5 1
6 0.951057
6.5 0.809017
7 0.587785
7.5 0.309017
8 1.11022e-16
8.5 -0.309017
9 -0.587785
9.5 -0.809017
10 -0.951057
10.5 -1
11 -0.951057
11.5 -0.809017
12 -0.587785
12.5 -0.309017
13 -2.22045e-16
13.5 0.309017
14 0.587785
14.5 0.809017
15 0.951057
15.5 1
16 0.951057
16.5 0.809017
17 0.587785
17.5 0.309017
18 3.33067e-16
18.5 -0.309017
19 -0.587785
19.5 -0.809017
20 -0.951057


0 -0.809017
0.5 -0.951057
1 -1
1.5 -0.951057
2 -0.809017
2.5 -0.587785
3 -0.309017
3.5 0
4 0.309017
4.5 0.587785
5 0.809017
5.5 0.951057
6 1
6.5 0.951057
7 0.809017
7.5 0.587785
8 0.309017
8.5 1.11022e-16
9 -0.309017
9.5 -0.587785
10 -0.809017
10.5 -0.951057
11 -1
11.5 -0.951057
12 -0.809017
12.5 -0.587785
13 -0.309017
13.5 -2.22045e-16
14 0.309017
14.5 0.587785
15 0.809017
15.5 0.951057
16 1
16.5 0.951057
17 0.809017
17.5 0.587785
18 0.309017
18.5 3.33067e-16
19 -0.309017
19.5 -0.587785
20 -0.809017


0 -0.587785
0.5 -0.809017
1 -0.951057
1.5 -1
2 -0.951057
2.5 -0.809017
3 -0.587785
3.5 -0.309017
4 0
4.5 0.309017
5 0.587785
5.5 0.809017
6 0.951057
6.5 1
7 0.951057
7.5 0.809017
8 0.587785
8.5 0.309017
9 1.11022e-16
9.5 -0.309017
10 -0.587785
10.5 -0.809017
11 -0.951057
11.5 -1
12 -0.951057
12.5 -0.809017
13 -0.587785
13.5 -0.309017
14 -2.22045e-16
14.5 0.309017
15 0.587785
15.5 0.809017
16 0.951057
16.5 1
17 0.951057
17.5 0.809017
18 0.587785
18.5 0.309017
19 3.33067e-16
19.5 -0.309017
20 -0.587785


0 -0.309017
0.5 -0.587785
1 -0.809017
1.5 -0.951057
2 -1
2.5 -0.951057
3 -0.809017
3.5 -0.587785
4 -0.309017
4.5 0
5 0.309017
5.5 0.587785
6 0.809017
6.5 0.951057
7 1
7.5 0.951057
8 0.809017
8.5 0.587785
9 0.309017
9.5 1.11022e-16
10 -0.309017
10.5 -0.587785
11 -0.809017
11.5 -0.951057
12 -1
12.5 -0.951057
13 -0.809017
13.5 -0.587785
14 -0.309017
14.5 -2.22045e-16
15 0.309017
15.5 0.587785
16 0.809017
16.5 0.951057
17 1
17.5 0.951057
18 0.809017
18.5 0.587785
19 0.309017
19.5 3.33067e-16
20 -0.309017


0 3.33067e-16
0.5 -0.309017
1 -0.587785
1.5 -0.809017
2 -0.951057
2.5 -1
3 -0.951057
3.5 -0.809017
4 -0.587785
4.5 -0.309017
5 0
5.5 0.309017
6 0.587785
6.5 0.809017
7 0.951057
7.5 1
8 0.951057
8.5 0.809017
9 0.587785
9.5 0.309017
10 1.11022e-16
10.5 -0.309017
11 -0.587785
11.5 -0.809017
12 -0.951057
12.5 -1
13 -0.951057
13.5 -0.809017
14 -0.587785
14.5 -0.309017
15 -2.22045e-16
15.5 0.309017
16 0.587785
16.5 0.809017
17 0.951057
17.5 1
18 0.951057
18.5 0.809017
19 0.587785
19.5 0.309017
20 3.33067e-16


0 0.309017
0.5 3.33067e-16
1 -0.309017
1.5 -0.587785
2 -0.809017
2.5 -0.951057
3 -1
3.5 -0.951057
4 -0.809017
4.5 -0.587785
5 -0.309017
5.5 0
6 0.309017
6.5 0.587785
7 0.809017
7.5 0.951057
8 1
8.5 0.951057
9 0.809017
9.5 0.587785
10 0.309017
10.5 1.11022e-16
11 -0.309017
11.5 -0.587785
12 -0.809017
12.5 -0.951057
13 -1
13.5 -0.951057
14 -0.809017
14.5 -0.587785
15 -0.309017
15.5 -2.22045e-16
16 0.309017
16.5 0.587785
17 0.809017
17.5 0.951057
18 1
18.5 0.951057
19 0.809017
19.5 0.587785
20 0.309017


0 0.587785
0.5 0.309017
1 3.33067e-16
1.5 -0.309017
2 -0.587785
2.5 -0.809017
3 -0.951057
3.5 -1
4 -0.951057
4.5 -0.809017
5 -0.587785
5.5 -0.309017
6 0
6.5 0.309017
7 0.587785
7.5 0.809017
8 0.951057
8.5 1
9 0.951057
9.5 0.809017
10 0.587785
10.5 0.309017
11 1.11022e-16
11.5 -0.309017
12 -0.587785
12.5 -0.809017
13 -0.951057
13.5 -1
14 -0.951057
14.5 -0.809017
15 -0.587785
15.5 -0.309017
16 -2.22045e-16
16.5 0.309017
17 0.587785
17.5 0.809017
18 0.951057
18.5 1
19 0.951057
19.5 0.809017
20 0.587785


0 0.809017
0.5 0.587785
1 0.309017
1.5 3.33067e-16
2 -0.309017
2.5 -0.587785
3 -0.809017
3.5 -0.951057
4 -1
4.5 -0.951057
5 -0.809017
5.5 -0.587785
6 -0.309017
6.5 0
7 0.309017
7.5 0.587785
8 0.809017
8.5 0.951057
9 1
9.5 0.951057
10 0.809017
10.5 0.587785
11 0.309017
11.5 1.11022e-16
12 -0.309017
12.5 -0.587785
13 -0.809017
13.5 -0.951057
14 -1
14.5 -0.951057
15 -0.809017
15.5 -0.587785
16 -0.309017
16.5 -2.22045e-16
17 0.309017
17.5 0.587785
18 0.809017
18.5 0.951057
19 1
19.5 0.951057
20 0.809017


0 0.951057
0.5 0.809017
1 0.587785
1.5 0.309017
2 3.33067e-16
2.5 -0.309017
3 -0.587785
3.5 -0.809017
4 -0.951057
4.5 -1
5 -0.951057
5.5 -0.809017
6 -0.587785
6.5 -0.309017
7 0
7.5 0.309017
8 0.587785
8.5 0.809017
9 0.951057
9.5 1
10 0.951057
10.5 0.809017
11 0.587785
11.5 0.309017
12 1.11022e-16
12.5 -0.309017
13 -0.587785
13.5 -0.809017
14 -0.951057
14.5 -1
15 -0.951057
15.5 -0.809017
16 -0.587785
16.5 -0.309017
17 -2.22045e-16
17.5 0.309017
18 0.587785
18.5 0.809017
19 0.951057
19.5 1
20 0.951057


0 1
0.5 0.951057
1 0.809017
1.5 0.587785
2 0.309017
2.5 3.33067e-16
3 -0.309017
3.5 -0.587785
4 -0.809017
4.5 -0.951057
5 -1
5.5 -0.951057
6 -0.809017
6.5 -0.587785
7 -0.309017
7.5 0
8 0.309017
8.5 0.587785
9 0.809017
9.5 0.951057
10 1
10.5 0.951057
11 0.809017
11.5 0.587785
12 0.309017
12.5 1.11022e-16
13 -0.309017
13.5 -0.587785
14 -0.809017
14.5 -0.951057
15 -1
15.5 -0.951057
16 -0.809017
16.5 -0.587785
17 -0.309017
17.5 -2.22045e-16
18 0.309017
18.5 0.587785
19 0.809017
19.5 0.951057
20 1


0 0.951057
0.5 1
1 0.951057
1.5 0.809017
2 0.587785
2.5 0.309017
3 3.33067e-16
3.5 -0.309017
4 -0.587785
4.5 -0.809017
5 -0.951057
5.5 -1
6 -0.951057
6.5 -0.809017
7 -0.587785
7.5 -0.309017
8 0
8.5 0.309017
9 0.587785
9.5 0.809017
10 0.951057
10.5 1
11 0.951057
11.5 0.809017
12 0.587785
12.5 0.309017
13 1.11022e-16
13.5 -0.309017
14 -0.587785
14.5 -0.809017
15 -0.951057
15.5 -1
16 -0.951057
16.5 -0.809017
17 -0.587785
17.5 -0.309017
18 -2.22045e-16
18.5 0.309017
19 0.587785
19.5 0.809017
20 0.951057


0 0.809017
0.5 0.951057
1 1
1.5 0.951057
2 0.809017
2.5 0.587785
3 0.309017
3.5 3.33067e-16
4 -0.309017
4.5 -0.587785
5 -0.809017
5.5 -0.951057
6 -1
6.5 -0.951057
7 -0.809017
7.5 -0.587785
8 -0.309017
8.5 0
9 0.309017
9.5 0.587785
10 0.809017
10.5 0.951057
11 1
11.5 0.951057
12 0.809017
12.5 0.587785
13 0.309017
13.5 1.11022e-16
14 -0.309017
14.5 -0.587785
15 -0.809017
15.5 -0.951057
16 -1
16.5 -0.951057
17 -0.809017
17.5 -0.587785
18 -0.309017
18.5 -2.22045e-16
19 0.309017
19.5 0.587785
20 0.809017


0 0.587785
0.5 0.809017
1 0.951057
1.5 1
2 0.951057
2.5 0.809017
3 0.587785
3.5 0.309017
4 3.33067e-16
4.5 -0.309017
5 -0.587785
5.5 -0.809017
6 -0.951057
6.5 -1
7 -0.951057
7.5 -0.809017
8 -0.587785
8.5 -0.309017
9 0
9.5 0.309017
10 0.587785
10.5 0.809017
11 0.951057
11.5 1
12 0.951057
12.5 0.809017
13 0.587785
13.5 0.309017
14 1.11022e-16
14.5 -0.309017
15 -0.587785
15.5 -0.809017
16 -0.951057
16.5 -1
17 -0.951057
17.5 -0.809017
18 -0.587785
18.5 -0.309017
19 -2.22045e-16
19.5 0.309017
20 0.587785


0 0.309017
0.5 0.587785
1 0.809017
1.5 0.951057
2 1
2.5 0.951057
3 0.809017
3.5 0.587785
4 0.309017
4.5 3.33067e-16
5 -0.309017
5.5 -0.587785
6 -0.809017
6.5 -0.951057
7 -1
7.5 -0.951057
8 -0.809017
8.5 -0.587785
9 -0.309017
9.5 0
10 0.309017
10.5 0.587785
11 0.809017
11.5 0.951057
12 1
12.5 0.951057
13 0.809017
13.5 0.587785
14 0.309017
14.5 1.11022e-16
15 -0.309017
15.5 -0.587785
16 -0.809017
16.5 -0.951057
17 -1
17.5 -0.951057
18 -0.809017
18.5 -0.587785
19 -0.309017
19.5 -2.22045e-16
20 0.309017


0 -2.22045e-16
0.5 0.309017
1 0.587785
1.5 0.809017
2 0.951057
2.5 1
3 0.951057
3.5 0.809017
4 0.587785
4.5 0.309017
5 3.33067e-16
5.5 -0.309017
6 -0.587785
6.5 -0.809017
7 -0.951057
7.5 -1
8 -0.951057
8.5 -0.809017
9 -0.587785
9.5 -0.309017
10 0
10.5 0.309017
11 0.587785
11.5 0.809017
12 0.951057
12.5 1
13 0.951057
13.5 0.809017
14 0.587785
14.5 0.309017
15 1.11022e-16
15.5 -0.309017
16 -0.587785
16.5 -0.809017
17 -0.951057
17.5 -1
18 -0.951057
18.5 -0.809017
19 -0.587785
19.5 -0.309017
20 -2.22045e-16


0 -0.309017
0.5 -2.22045e-16
1 0.309017
1.5 0.587785
2 0.809017
2.5 0.951057
3 1
3.5 0.951057
4 0.809017
4.5 0.587785
5 0.309017
5.5 3.33067e-16
6 -0.309017
6.5 -0.587785
7 -0.809017
7.5 -0.951057
8 -1
8.5 -0.951057
9 -0.809017
9.5 -0.587785
10 -0.309017
10.5 0
11 0.309017
11.5 0.587785
12 0.809017
12.5 0.951057
13 1
13.5 0.951057
14 0.809017
14.5 0.587785
15 0.309017
15.5 1.11022e-16
16 -0.309017
16.5 -0.587785
17 -0.809017
17.5 -0.951057
18 -1
18.5 -0.951057
19 -0.809017
19.5 -0.587785
20 -0.309017


0 -0.587785
0.5 -0.309017
1 -2.22045e-16
1.5 0.309017
2 0.587785
2.5 0.809017
3 0.951057
3.5 1
4 0.951057
4.5 0.809017
5 0.587785
5.5 0.309017
6 3.33067e-16
6.5 -0.309017
7 -0.587785
7.5 -0.809017
8 -0.951057
8.5 -1
9 -0.951057
9.5 -0.809017
10 -0.587785
10.5 -0.309017
11 0
11.5 0.309017
12 0.587785
12.5 0.809017
13 0.951057
13.5 1
14 0.951057
14.5 0.809017
15 0.587785
15.5 0.309017
16 1.11022e-16
16.5 -0.309017
17 -0.587785
17.5 -0.809017
18 -0.951057
18.5 -1
19 -0.951057
19.5 -0.809017
20 -0.587785


0 -0.809017
0.5 -0.587785
1 -0.309017
1.5 -2.22045e-16
2 0.309017
2.5 0.587785
3 0.809017
3.5 0.951057
4 1
4.5 0.951057
5 0.809017
5.5 0.587785
6 0.309017
6.5 3.33067e-16
7 -0.309017
7.5 -0.587785
8 -0.809017
8.5 -0.951057
9 -1
9.5 -0.951057
10 -0.809017
10.5 -0.587785
11 -0.309017
11.5 0
12 0.309017
12.5 0.587785
13 0.809017
13.5 0.951057
14 1
14.5 0.951057
15 0.809017
15.5 0.587785
16 0.309017
16.5 1.11022e-16
17 -0.309017
17.5 -0.587785
18 -0.809017
18.5 -0.951057
19 -1
19.5 -0.951057
20 -0.809017


0 -0.951057
0.5 -0.809017
1 -0.587785
1.5 -0.309017
2 -2.22045e-16
2.5 0.309017
3 0.587785
3.5 0.809017
4 0.951057
4.5 1
5 0.951057
5.5 0.809017
6 0.587785
6.5 0.309017
7 3.33067e-16
7.5 -0.309017
8 -0.587785
8.5 -0.809017
9 -0.951057
9.5 -1
10 -0.951057
10.5 -0.809017
11 -0.587785
11.5 -0.309017
12 0
12.5 0.309017
13 0.587785
13.5 0.809017
14 0.951057
14.5 1
15 0.951057
15.5 0.809017
16 0.587785
16.5 0.309017
17 1.11022e-16
17.5 -0.309017
18 -0.587785
18.5 -0.809017
19 -0.951057
19.5 -1
20 -0.951057


0 -1
0.5 -0.951057
1 -0.809017
1.5 -0.587785
2 -0.309017
2.5 -2.22045e-16
3 0.309017
3.5 0.587785
4 0.809017
4.5 0.951057
5 1
5.5 0.951057
6 0.809017
6.5 0.587785
7 0.309017
7.5 3.33067e-16
8 -0.309017
8.5 -0.587785
9 -0.809017
9.5 -0.951057
10 -1
10.5 -0.951057
11 -0.809017
11.5 -0.587785
12 -0.309017
12.5 0
13 0.309017
13.5 0.587785
14 0.809017
14.5 0.951057
15 1
15.5 0.951057
16 0.809017
16.5 0.587785
17 0.309017
17.5 1.11022e-16
18 -0.309017
18.5 -0.587785
19 -0.809017
19.5 -0.951057
20 -1


0 -0.951057
0.5 -1
1 -0.951057
1.5 -0.809017
2 -0.587785
2.5 -0.309017
3 -2.22045e-16
3.5 0.309017
4 0.587785
4.5 0.809017
5 0.951057
5.5 1
6 0.951057
6.5 0.809017
7 0.587785
7.5 0.309017
8 3.33067e-16
8.5 -0.309017
9 -0.587785
9.5 -0.809017
10 -0.951057
10.5 -1
11 -0.951057
11.5 -0.809017
12 -0.587785
12.5 -0.309017
13 0
13.5 0.309017
14 0.587785
14.5 0.809017
15 0.951057
15.5 1
16 0.951057
16.5 0.809017
17 0.587785
17.5 0.309017
18 1.11022e-16
18.5 -0.309017
19 -0.587785
19.5 -0.809017
20 -0.951057


0 -0.809017
0.5 -0.951057
1 -1
1.5 -0.951057
2 -0.809017
2.5 -0.587785
3 -0.309017
3.5 -2.22045e-16
4 0.309017
4.5 0.587785
5 0.809017
5.5 0.951057
6 1
6.5 0.951057
7 0.809017
7.5 0.587785
8 0.309017
8.5 3.33067e-16
9 -0.309017
9.5 -0.587785
10 -0.809017
10.5 -0.951057
11 -1
11.5 -0.951057
12 -0.809017
12.5 -0.587785
13 -0.309017
13.5 0
14 0.309017
14.5 0.587785
15 0.809017
15.5 0.951057
16 1
16.5 0.951057
17 0.809017
17.5 0.587785
18 0.309017
18.5 1.11022e-16
19 -0.309017
19.5 -0.587785
20 -0.809017


0 -0.587785
0.5 -0.809017
1 -0.951057
1.5 -1
2 -0.951057
2.5 -0.809017
3 -0.587785
3.5 -0.309017
4 -2.22045e-16
4.5 0.309017
5 0.587785
5.5 0.809017
6 0.951057
6.5 1
7 0.951057
7.5 0.809017
8 0.587785
8.5 0.309017
9 3.33067e-16
9.5 -0.309017
10 -0.587785
10.5 -0.809017
11 -0.951057
11.5 -1
12 -0.951057
12.5 -0.809017
13 -0.587785
13.5 -0.309017
14 0
14.5 0.309017
15 0.587785
15.5 0.809017
16 0.951057
16.5 1
17 0.951057
17.5 0.809017
18 0.587785
18.5 0.309017
19 1.11022e-16
19.5 -0.309017
20 -0.587785


0 -0.309017
0.5 -0.587785
1 -0.809017
1.5 -0.951057
2 -1
2.5 -0.951057
3 -0.809017
3.5 -0.587785
4 -0.309017
4.5 -2.22045e-16
5 0.309017
5.5 0.587785
6 0.809017
6.5 0.951057
7 1
7.5 0.951057
8 0.809017
8.5 0.587785
9 0.309017
9.5 3.33067e-16
10 -0.309017
10.5 -0.587785
11 -0.809017
11.5 -0.951057
12 -1
12.5 -0.951057
13 -0.809017
13.5 -0.587785
14 -0.309017
14.5 0
15 0.309017
15.5 0.587785
16 0.809017
16.5 0.951057
17 1
17.5 0.951057
18 0.809017
18.5 0.587785
19 0.309017
19.5 1.11022e-16
20 -0.309017


0 1.11022e-16
0.5 -0.309017
1 -0.587785
1.5 -0.809017
2 -0.951057
2.5 -1
3 -0.951057
3.5 -0.809017
4 -0.587785
4.5 -0.309017
5 -2.22045e-16
5.5 0.309017
6 0.587785
6.5 0.809017
7 0.951057
7.5 1
8 0.951057
8.5 0.809017
9 0.587785
9.5 0.309017
10 3.33067e-16
10.5 -0.309017
11 -0.587785
11.5 -0.809017
12 -0.951057
12.5 -1
13 -0.951057
13.5 -0.809017
14 -0.587785
14.5 -0.309017
15 0
15.5 0.309017
16 0.587785
16.5 0.809017
17 0.951057
17.5 1
18 0.951057
18.5 0.809017
19 0.587785
19.5 0.309017
20 1.11022e-16


0 0.309017
0.5 1.11022e-16
1 -0.309017
1.5 -0.587785
2 -0.809017
2.5 -0.951057
3 -1
3.5 -0.951057
4 -0.809017
4.5 -0.587785
5 -0.309017
5.5 -2.22045e-16
6 0.309017
6.5 0.587785
7 0.809017
7.5 0.951057
8 1
8.5 0.951057
9 0.809017
9.5 0.587785
10 0.309017
10.5 3.33067e-16
11 -0.309017
11.5 -0.587785
12 -0.809017
12.5 -0.951057
13 -1
13.5 -0.951057
14 -0.809017
14.5 -0.587785
15 -0.309017
15.5 0
16 0.309017
16.5 0.587785
17 0.809017
17.5 0.951057
18 1
18.5 0.951057
19 0.809017
19.5 0.587785
20 0.309017


0 0.587785
0.5 0.309017
1 1.11022e-16
1.5 -0.309017
2 -0.587785
2.5 -0.809017
3 -0.951057
3.5 -1
4 -0.951057
4.5 -0.809017
5 -0.587785
5.5 -0.309017
6 -2.22045e-16
6.5 0.309017
7 0.587785
7.5 0.809017
8 0.951057
8.5 1
9 0.951057
9.5 0.809017
10 0.587785
10.5 0.309017
11 3.33067e-16
11.5 -0.309017
12 -0.587785
12.5 -0.809017
13 -0.951057
13.5 -1
14 -0.951057
14.5 -0.809017
15 -0.587785
15.5 -0.309017
16 0
16.5 0.309017
17 0.587785
17.5 0.809017
18 0.951057
18.5 1
19 0.951057
19.5 0.809017
20 0.587785


0 0.809017
0.5 0.587785
1 0.309017
1.5 1.11022e-16
2 -0.309017
2.5 -0.587785
3 -0.809017
3.5 -0.951057
4 -1
4.5 -0.951057
5 -0.809017
5.5 -0.587785
6 -0.309017
6.5 -2.22045e-16
7 0.309017
7.5 0.587785
8 0.809017
8.5 0.951057
9 1
9.5 0.951057
10 0.809017
10.5 0.587785
11 0.309017
11.5 3.33067e-16
12 -0.309017
12.5 -0.587785
13 -0.809017
13.5 -0.951057
14 -1
14.5 -0.951057
15 -0.809017
15.5 -0.587785
16 -0.309017
16.5 0
17 0.309017
17.5 0.587785
18 0.809017
18.5 0.951057
19 1
19.5 0.951057
20 0.809017


0 0.951057
0.5 0.809017
1 0.587785
1.5 0.309017
2 1.11022e-16
2.5 -0.309017
3 -0.587785
3.5 -0.809017
4 -0.951057
4.5 -1
5 -0.951057
5.5 -0.809017
6 -0.587785
6.5 -0.309017
7 -2.22045e-16
7.5 0.309017
8 0.587785
8.5 0.809017
9 0.951057
9.5 1
10 0.951057
10.5 0.809017
11 0.587785
11.5 0.309017
12 3.33067e-16
12.5 -0.309017
13 -0.587785
13.5 -0.809017
14 -0.951057
14.5 -1
15 -0.951057
15.5 -0.809017
16 -0.587785
16.5 -0.309017
17 0
17.5 0.309017
18 0.587785
18.5 0.809017
19 0.951057
19.5 1
20 0.951057


0 1
0.5 0.951057
1 0.809017
1.5 0.587785
2 0.309017
2.5 1.11022e-16
3 -0.309017
3.5 -0.587785
4 -0.809017
4.5 -0.951057
5 -1
5.5 -0.951057
6 -0.809017
6.5 -0.587785
7 -0.309017
7.5 -2.22045e-16
8 0.309017
8.5 0.587785
9 0.809017
9.5 0.951057
10 1
10.5 0.951057
11 0.809017
11.5 0.587785
12 0.309017
12.5 3.33067e-16
13 -0.309017
13.5 -0.587785
14 -0.809017
14.5 -0.951057
15 -1
15.5 -0.951057
16 -0.809017
16.5 -0.587785
17 -0.309017
17.5 0
18 0.309017
18.5 0.587785
19 0.809017
19.5 0.951057
20 1


0 0.951057
0.5 1
1 0.951057
1.5 0.809017
2 0.587785
2.5 0.309017
3 1.11022e-16
3.5 -0.309017
4 -0.587785
4.5 -0.809017
5 -0.951057
5.5 -1
6 -0.951057
6.5 -0.809017
7 -0.587785
7.5 -0.309017
8 -2.22045e-16
8.5 0.309017
9 0.587785
9.5 0.809017
10 0.951057
10.5 1
11 0.951057
11.5 0.809017
12 0.587785
12.5 0.309017
13 3.33067e-16
13.5 -0.309017
14 -0.587785
14.5 -0.809017
15 -0.951057
15.5 -1
16 -0.951057
16.5 -0.809017
17 -0.587785
17.5 -0.309017
18 0
18.5 0.309017
19 0.587785
19.5 0.809017
20 0.951057


0 0.809017
0.5 0.951057
1 1
1.5 0.951057
2 0.809017
2.5 0.587785
3 0.309017
3.5 1.11022e-16
4 -0.309017
4.5 -0.587785
5 -0.809017
5.5 -0.951057
6 -1
6.5 -0.951057
7 -0.809017
7.5 -0.587785
8 -0.309017
8.5 -2.22045e-16
9 0.309017
9.5 0.587785
10 0.809017
10.5 0.951057
11 1
11.5 0.951057
12 0.809017
12.5 0.587785
13 0.309017
13.5 3.33067e-16
14 -0.309017
14.5 -0.587785
15 -0.809017
15.5 -0.951057
16 -1
16.5 -0.951057
17 -0.809017
17.5 -0.587785
18 -0.309017
18.5 0
19 0.309017
19.5 0.587785
20 0.809017


0 0.587785
0.5 0.809017
1 0.951057
1.5 1
2 0.951057
2.5 0.809017
3 0.587785
3.5 0.309017
4 1.11022e-16
4.5 -0.309017
5 -0.587785
5.5 -0.809017
6 -0.951057
6.5 -1
7 -0.951057
7.5 -0.809017
8 -0.587785
8.5 -0.309017
9 -2.22045e-16
9.5 0.309017
10 0.587785
10.5 0.809017
11 0.951057
11.5 1
12 0.951057
12.5 0.809017
13 0.587785
13.5 0.309017
14 3.33067e-16
14.5 -0.309017
15 -0.587785
15.5 -0.809017
16 -0.951057
16.5 -1
17 -0.951057
17.5 -0.809017
18 -0.587785
18.5 -0.309017
19 0
19.5 0.309017
20 0.587785


0 0.309017
0.5 0.587785
1 0.809017
1.5 0.951057
2 1
2.5 0.951057
3 0.809017
3.5 0.587785
4 0.309017
4.5 1.11022e-16
5 -0.309017
5.5 -0.587785
6 -0.809017
6.5 -0.951057
7 -1
7.5 -0.951057
8 -0.809017
8.5 -0.587785
9 -0.309017
9.5 -2.22045e-16
10 0.309017
10.5 0.587785
11 0.809017
11.5 0.951057
12 1
12.5 0.951057
13 0.809017
13.5 0.587785
14 0.309017
14.5 3.33067e-16
15 -0.309017
15.5 -0.587785
16 -0.809017
16.5 -0.951057
17 -1
17.5 -0.951057
18 -0.809017
18.5 -0.587785
19 -0.309017
19.5 0
20 0.309017


0 0
0.5 0.309017
1 0.587785
1.5 0.809017
2 0.951057
2.5 1
3 0.951057
3.5 0.809017
4 0.587785
4.5 0.309017
5 1.11022e-16
5.5 -0.309017
6 -0.587785
6.5 -0.809017
7 -0.951057
7.5 -1
8 -0.951057
8.5 -0.809017
9 -0.587785
9.5 -0.309017
10 -2.22045e-16
10.5 0.309017
11 0.587785
11.5 0.809017
12 0.951057
12.5 1
13 0.951057
13.5 0.809017
14 0.587785
14.5 0.309017
15 3.33067e-16
15.5 -0.309017
16 -0.587785
16.5 -0.809017
17 -0.951057
17.5 -1
18 -0.951057
18.5 -0.809017
19 -0.587785
19.5 -0.309017
20 0


