0 0
0.5 0.309017
1 0.587785
1.5 0.809017
2 0.951057
2.5 1
3 0.951057
3.5 0.809017
4 0.587785
4.5 0.309017
5 1.22465e-16
5.5 -0.309017
6 -0.587785
6.5 -0.809017
7 -0.951057
7.5 -1
8 -0.951057
8.5 -0.809017
9 -0.587785
9.5 -0.309017
10 -2.44929e-16
10.5 0.309017
11 0.587785
11.5 0.809017
12 0.951057
12.5 1
13 0.951057
13.5 0.809017
14 0.587785
14.5 0.309017
15 3.67394e-16
15.5 -0.309017
16 -0.587785
16.5 -0.809017
17 -0.951057
17.5 -1
18 -0.951057
18.5 -0.809017
19 -0.587785
19.5 -0.309017
20 -4.89859e-16


0 -0.18541
0.5 0.127237
1 0.427429
1.5 0.685781
2 0.877004
2.5 0.98238
3 0.991594
3.5 0.903744
4 0.727429
4.5 0.479908
5 0.18541
5.5 -0.127237
6 -0.427429
6.5 -0.685781
7 -0.877004
7.5 -0.98238
8 -0.991594
8.5 -0.903744
9 -0.727429
9.5 -0.479908
10 -0.18541
10.5 0.127237
11 0.427429
11.5 0.685781
12 0.877004
12.5 0.98238
13 0.991594
13.5 0.903744
14 0.727429
14.5 0.479908
15 0.18541
15.5 -0.127237
16 -0.427429
16.5 -0.685781
17 -0.877004
17.5 -0.98238
18 -0.991594
18.5 -0.903744
19 -0.727429
19.5 -0.479908
20 -0.18541


0 -0.364287
0.5 -0.0588569
1 0.252334
1.5 0.538825
2 0.772572
2.5 0.930694
3 0.997714
3.5 0.96707
4 0.841762
4.5 0.634058
5 0.364287
5.5 0.0588569
6 -0.252334
6.5 -0.538825
7 -0.772572
7.5 -0.930694
8 -0.997714
8.5 -0.96707
9 -0.841762
9.5 -0.634058
10 -0.364287
10.5 -0.0588569
11 0.252334
11.5 0.538825
12 0.772572
12.5 0.930694
13 0.997714
13.5 0.96707
14 0.841762
14.5 0.634058
15 0.364287
15.5 0.0588569
16 -0.252334
16.5 -0.538825
17 -0.772572
17.5 -0.930694
18 -0.997714
18.5 -0.96707
19 -0.841762
19.5 -0.634058
20 -0.364287


0 -0.530428
0.5 -0.242806
1 0.0685836
1.5 0.37326
2 0.641399
2.5 0.846753
3 0.969222
3.5 0.996816
4 0.926835
4.5 0.766128
5 0.530428
5.5 0.242806
6 -0.0685836
6.5 -0.37326
7 -0.641399
7.5 -0.846753
8 -0.969222
8.5 -0.996816
9 -0.926835
9.5 -0.766128
10 -0.530428
10.5 -0.242806
11 0.0685836
11.5 0.37326
12 0.641399
12.5 0.846753
13 0.969222
13.5 0.996816
14 0.926835
14.5 0.766128
15 0.530428
15.5 0.242806
16 -0.0685836
16.5 -0.37326
17 -0.641399
17.5 -0.846753
18 -0.969222
18.5 -0.996816
19 -0.926835
19.5 -0.766128
20 -0.530428


0 -0.678079
0.5 -0.418232
1 -0.117445
1.5 0.194839
2 0.48805
2.5 0.733487
3 0.907125
3.5 0.991968
4 0.97971
4.5 0.871551
5 0.678079
5.5 0.418232
6 0.117445
6.5 -0.194839
7 -0.48805
7.5 -0.733487
8 -0.907125
8.5 -0.991968
9 -0.97971
9.5 -0.871551
10 -0.678079
10.5 -0.418232
11 -0.117445
11.5 0.194839
12 0.48805
12.5 0.733487
13 0.907125
13.5 0.991968
14 0.97971
14.5 0.871551
15 0.678079
15.5 0.418232
16 0.117445
16.5 -0.194839
17 -0.48805
17.5 -0.733487
18 -0.907125
18.5 -0.991968
19 -0.97971
19.5 -0.871551
20 -0.678079


0 -0.802127
0.5 -0.579053
1 -0.299296
1.5 0.00975731
2 0.317856
2.5 0.59484
3 0.813598
3.5 0.952715
4 0.998573
4.5 0.946684
5 0.802127
5.5 0.579053
6 0.299296
6.5 -0.00975731
7 -0.317856
7.5 -0.59484
8 -0.813598
8.5 -0.952715
9 -0.998573
9.5 -0.946684
10 -0.802127
10.5 -0.579053
11 -0.299296
11.5 0.00975731
12 0.317856
12.5 0.59484
13 0.813598
13.5 0.952715
14 0.998573
14.5 0.946684
15 0.802127
15.5 0.579053
16 0.299296
16.5 -0.00975731
17 -0.317856
17.5 -0.59484
18 -0.813598
18.5 -0.952715
19 -0.998573
19.5 -0.946684
20 -0.802127


0 -0.898284
0.5 -0.719699
1 -0.470666
1.5 -0.17556
2 0.13673
2.5 0.435637
3 0.6919
3.5 0.880436
4 0.982788
4.5 0.988938
5 0.898284
5.5 0.719699
6 0.470666
6.5 0.17556
7 -0.13673
7.5 -0.435637
8 -0.6919
8.5 -0.880436
9 -0.982788
9.5 -0.988938
10 -0.898284
10.5 -0.719699
11 -0.470666
11.5 -0.17556
12 0.13673
12.5 0.435637
13 0.6919
13.5 0.880436
14 0.982788
14.5 0.988938
15 0.898284
15.5 0.719699
16 0.470666
16.5 0.17556
17 -0.13673
17.5 -0.435637
18 -0.6919
18.5 -0.880436
19 -0.982788
19.5 -0.988938
20 -0.898284


0 -0.963228
0.5 -0.835304
1 -0.625615
1.5 -0.354686
2 -0.0490379
2.5 0.26141
3 0.54627
3.5 0.777656
4 0.932921
4.5 0.996864
5 0.963228
5.5 0.835304
6 0.625615
6.5 0.354686
7 0.0490379
7.5 -0.26141
8 -0.54627
8.5 -0.777656
9 -0.932921
9.5 -0.996864
10 -0.963228
10.5 -0.835304
11 -0.625615
11.5 -0.354686
12 -0.0490379
12.5 0.26141
13 0.54627
13.5 0.777656
14 0.932921
14.5 0.996864
15 0.963228
15.5 0.835304
16 0.625615
16.5 0.354686
17 0.0490379
17.5 -0.26141
18 -0.54627
18.5 -0.777656
19 -0.932921
19.5 -0.996864
20 -0.963228


0 -0.994724
0.5 -0.92187
1 -0.758777
1.5 -0.521409
2 -0.233003
2.5 0.078212
3 0.381771
3.5 0.647959
4 0.850721
4.5 0.970208
5 0.994724
5.5 0.92187
6 0.758777
6.5 0.521409
7 0.233003
7.5 -0.078212
8 -0.381771
8.5 -0.647959
9 -0.850721
9.5 -0.970208
10 -0.994724
10.5 -0.92187
11 -0.758777
11.5 -0.521409
12 -0.233003
12.5 0.078212
13 0.381771
13.5 0.647959
14 0.850721
14.5 0.970208
15 0.994724
15.5 0.92187
16 0.758777
16.5 0.521409
17 0.233003
17.5 -0.078212
18 -0.381771
18.5 -0.647959
19 -0.850721
19.5 -0.970208
20 -0.994724


0 -0.991699
0.5 -0.976411
1 -0.865546
1.5 -0.669955
2 -0.408784
2.5 -0.107598
3 0.20412
3.5 0.495857
4 0.739057
4.5 0.909912
5 0.991699
5.5 0.976411
6 0.865546
6.5 0.669955
7 0.408784
7.5 0.107598
8 -0.20412
8.5 -0.495857
9 -0.739057
9.5 -0.909912
10 -0.991699
10.5 -0.976411
11 -0.865546
11.5 -0.669955
12 -0.408784
12.5 -0.107598
13 0.20412
13.5 0.495857
14 0.739057
14.5 0.909912
15 0.991699
15.5 0.976411
16 0.865546
16.5 0.669955
17 0.408784
17.5 0.107598
18 -0.20412
18.5 -0.495857
19 -0.739057
19.5 -0.909912
20 -0.991699


0 -0.954276
0.5 -0.997053
1 -0.942232
1.5 -0.795179
2 -0.570288
2.5 -0.289573
3 0.0194868
3.5 0.326639
4 0.601818
4.5 0.818087
5 0.954276
5.5 0.997053
6 0.942232
6.5 0.795179
7 0.570288
7.5 0.289573
8 -0.0194868
8.5 -0.326639
9 -0.601818
9.5 -0.818087
10 -0.954276
10.5 -0.997053
11 -0.942232
11.5 -0.795179
12 -0.570288
12.5 -0.289573
13 0.0194868
13.5 0.326639
14 0.601818
14.5 0.818087
15 0.954276
15.5 0.997053
16 0.942232
16.5 0.795179
17 0.570288
17.5 0.289573
18 -0.0194868
18.5 -0.326639
19 -0.601818
19.5 -0.818087
20 -0.954276


0 -0.883772
0.5 -0.983098
1 -0.986193
1.5 -0.892751
2 -0.711921
2.5 -0.461404
3 -0.16572
3.5 0.146185
4 0.44378
4.5 0.697935
5 0.883772
5.5 0.983098
6 0.986193
6.5 0.892751
7 0.711921
7.5 0.461404
8 0.16572
8.5 -0.146185
9 -0.44378
9.5 -0.697935
10 -0.883772
10.5 -0.983098
11 -0.986193
11.5 -0.892751
12 -0.711921
12.5 -0.461404
13 -0.16572
13.5 0.146185
14 0.44378
14.5 0.697935
15 0.883772
15.5 0.983098
16 0.986193
16.5 0.892751
17 0.711921
17.5 0.461404
18 0.16572
18.5 -0.146185
19 -0.44378
19.5 -0.697935
20 -0.883772


0 -0.782651
0.5 -0.93505
1 -0.99592
1.5 -0.959303
2 -0.828782
2.5 -0.617134
3 -0.345077
3.5 -0.0392412
4 0.270436
4.5 0.55364
5 0.782651
5.5 0.93505
6 0.99592
6.5 0.959303
7 0.828782
7.5 0.617134
8 0.345077
8.5 0.0392412
9 -0.270436
9.5 -0.55364
10 -0.782651
10.5 -0.93505
11 -0.99592
11.5 -0.959303
12 -0.828782
12.5 -0.617134
13 -0.345077
13.5 -0.0392412
14 0.270436
14.5 0.55364
15 0.782651
15.5 0.93505
16 0.99592
16.5 0.959303
17 0.828782
17.5 0.617134
18 0.345077
18.5 0.0392412
19 -0.270436
19.5 -0.55364
20 -0.782651


0 -0.654438
0.5 -0.854594
1 -0.971097
1.5 -0.992542
2 -0.91683
2.5 -0.751372
3 -0.512365
3.5 -0.223204
4 0.0878062
4.5 0.390221
5 0.654438
5.5 0.854594
6 0.971097
6.5 0.992542
7 0.91683
7.5 0.751372
8 0.512365
8.5 0.223204
9 -0.0878062
9.5 -0.390221
10 -0.654438
10.5 -0.854594
11 -0.971097
11.5 -0.992542
12 -0.91683
12.5 -0.751372
13 -0.512365
13.5 -0.223204
14 0.0878062
14.5 0.390221
15 0.654438
15.5 0.854594
16 0.971097
16.5 0.992542
17 0.91683
17.5 0.751372
18 0.512365
18.5 0.223204
19 -0.0878062
19.5 -0.390221
20 -0.654438


0 -0.503595
0.5 -0.744539
1 -0.912602
1.5 -0.991334
2 -0.973026
2.5 -0.859472
3 -0.661787
3.5 -0.399322
4 -0.0977682
4.5 0.213356
5 0.503595
5.5 0.744539
6 0.912602
6.5 0.991334
7 0.973026
7.5 0.859472
8 0.661787
8.5 0.399322
9 0.0977682
9.5 -0.213356
10 -0.503595
10.5 -0.744539
11 -0.912602
11.5 -0.991334
12 -0.973026
12.5 -0.859472
13 -0.661787
13.5 -0.399322
14 -0.0977682
14.5 0.213356
15 0.503595
15.5 0.744539
16 0.912602
16.5 0.991334
17 0.973026
17.5 0.859472
18 0.661787
18.5 0.399322
19 0.0977682
19.5 -0.213356
20 -0.503595


0 -0.335367
0.5 -0.608718
1 -0.822484
1.5 -0.955739
2 -0.99544
2.5 -0.9377
3 -0.788172
3.5 -0.561492
4 -0.279849
4.5 0.0291875
5 0.335367
5.5 0.608718
6 0.822484
6.5 0.955739
7 0.99544
7.5 0.9377
8 0.788172
8.5 0.561492
9 0.279849
9.5 -0.0291875
10 -0.335367
10.5 -0.608718
11 -0.822484
11.5 -0.955739
12 -0.99544
12.5 -0.9377
13 -0.788172
13.5 -0.561492
14 -0.279849
14.5 0.0291875
15 0.335367
15.5 0.608718
16 0.822484
16.5 0.955739
17 0.99544
17.5 0.9377
18 0.788172
18.5 0.561492
19 0.279849
19.5 -0.0291875
20 -0.335367


0 -0.155599
0.5 -0.451858
1 -0.703886
1.5 -0.887013
2 -0.983313
2.5 -0.983359
3 -0.887147
3.5 -0.704096
4 -0.452122
4.5 -0.155892
5 0.155599
5.5 0.451858
6 0.703886
6.5 0.887013
7 0.983313
7.5 0.983359
8 0.887147
8.5 0.704096
9 0.452122
9.5 0.155892
10 -0.155599
10.5 -0.451858
11 -0.703886
11.5 -0.887013
12 -0.983313
12.5 -0.983359
13 -0.887147
13.5 -0.704096
14 -0.452122
14.5 -0.155892
15 0.155599
15.5 0.451858
16 0.703886
16.5 0.887013
17 0.983313
17.5 0.983359
18 0.887147
18.5 0.704096
19 0.452122
19.5 0.155892
20 -0.155599


0 0.0294677
0.5 -0.27941
1 -0.560937
1.5 -0.787556
2 -0.937083
2.5 -0.994882
3 -0.955295
3.5 -0.822197
4 -0.608617
4.5 -0.335461
5 -0.0294677
5.5 0.27941
6 0.560937
6.5 0.787556
7 0.937083
7.5 0.994882
8 0.955295
8.5 0.822197
9 0.608617
9.5 0.335461
10 0.0294677
10.5 -0.27941
11 -0.560937
11.5 -0.787556
12 -0.937083
12.5 -0.994882
13 -0.955295
13.5 -0.822197
14 -0.608617
14.5 -0.335461
15 -0.0294677
15.5 0.27941
16 0.560937
16.5 0.787556
17 0.937083
17.5 0.994882
18 0.955295
18.5 0.822197
19 0.608617
19.5 0.335461
20 0.0294677


0 0.21341
0.5 -0.0973655
1 -0.39861
1.5 -0.660836
2 -0.858374
2.5 -0.971889
3 -0.990269
3.5 -0.911714
4 -0.743914
4.5 -0.503295
5 -0.21341
5.5 0.0973655
6 0.39861
6.5 0.660836
7 0.858374
7.5 0.971889
8 0.990269
8.5 0.911714
9 0.743914
9.5 0.503295
10 0.21341
10.5 -0.0973655
11 -0.39861
11.5 -0.660836
12 -0.858374
12.5 -0.971889
13 -0.990269
13.5 -0.911714
14 -0.743914
14.5 -0.503295
15 -0.21341
15.5 0.0973655
16 0.39861
16.5 0.660836
17 0.858374
17.5 0.971889
18 0.990269
18.5 0.911714
19 0.743914
19.5 0.503295
20 0.21341


0 0.389848
0.5 0.087956
1 -0.222545
1.5 -0.511263
2 -0.749934
2.5 -0.915196
3 -0.990873
3.5 -0.969556
4 -0.853332
4.5 -0.653578
5 -0.389848
5.5 -0.087956
6 0.222545
6.5 0.511263
7 0.749934
7.5 0.915196
8 0.990873
8.5 0.969556
9 0.853332
9.5 0.653578
10 0.389848
10.5 0.087956
11 -0.222545
11.5 -0.511263
12 -0.749934
12.5 -0.915196
13 -0.990873
13.5 -0.969556
14 -0.853332
14.5 -0.653578
15 -0.389848
15.5 -0.087956
16 0.222545
16.5 0.511263
17 0.749934
17.5 0.915196
18 0.990873
18.5 0.969556
19 0.853332
19.5 0.653578
20 0.389848


0 0.552665
0.5 0.270124
1 -0.0388587
1.5 -0.344038
2 -0.61554
2.5 -0.826789
3 -0.957106
3.5 -0.993735
4 -0.93309
4.5 -0.781108
5 -0.552665
5.5 -0.270124
6 0.0388587
6.5 0.344038
7 0.61554
7.5 0.826789
8 0.957106
8.5 0.993735
9 0.93309
9.5 0.781108
10 0.552665
10.5 0.270124
11 -0.0388587
11.5 -0.344038
12 -0.61554
12.5 -0.826789
13 -0.957106
13.5 -0.993735
14 -0.93309
14.5 -0.781108
15 -0.552665
15.5 -0.270124
16 0.0388587
16.5 0.344038
17 0.61554
17.5 0.826789
18 0.957106
18.5 0.993735
19 0.93309
19.5 0.781108
20 0.552665


0 0.696223
0.5 0.442822
1 0.146075
1.5 -0.164972
2 -0.459869
2.5 -0.709752
3 -0.890159
3.5 -0.983431
4 -0.980438
4.5 -0.881473
5 -0.696223
5.5 -0.442822
6 -0.146075
6.5 0.164972
7 0.459869
7.5 0.709752
8 0.890159
8.5 0.983431
9 0.980438
9.5 0.881473
10 0.696223
10.5 0.442822
11 0.146075
11.5 -0.164972
12 -0.459869
12.5 -0.709752
13 -0.890159
13.5 -0.983431
14 -0.980438
14.5 -0.881473
15 -0.696223
15.5 -0.442822
16 -0.146075
16.5 0.164972
17 0.459869
17.5 0.709752
18 0.890159
18.5 0.983431
19 0.980438
19.5 0.881473
20 0.696223


0 0.815551
0.5 0.600064
1 0.325839
1.5 0.0197183
2 -0.288332
2.5 -0.568159
3 -0.792371
3.5 -0.939019
4 -0.99375
4.5 -0.951206
5 -0.815551
5.5 -0.600064
6 -0.325839
6.5 -0.0197183
7 0.288332
7.5 0.568159
8 0.792371
8.5 0.939019
9 0.99375
9.5 0.951206
10 0.815551
10.5 0.600064
11 0.325839
11.5 0.0197183
12 -0.288332
12.5 -0.568159
13 -0.792371
13.5 -0.939019
14 -0.99375
14.5 -0.951206
15 -0.815551
15.5 -0.600064
16 -0.325839
16.5 -0.0197183
17 0.288332
17.5 0.568159
18 0.792371
18.5 0.939019
19 0.99375
19.5 0.951206
20 0.815551


0 0.906524
0.5 0.736405
1 0.494201
1.5 0.203622
2 -0.106889
2.5 -0.406937
3 -0.667151
3.5 -0.86206
4 -0.972585
4.5 -0.987906
5 -0.906524
5.5 -0.736405
6 -0.494201
6.5 -0.203622
7 0.106889
7.5 0.406937
8 0.667151
8.5 0.86206
9 0.972585
9.5 0.987906
10 0.906524
10.5 0.736405
11 0.494201
11.5 0.203622
12 -0.106889
12.5 -0.406937
13 -0.667151
13.5 -0.86206
14 -0.972585
14.5 -0.987906
15 -0.906524
15.5 -0.736405
16 -0.494201
16.5 -0.203622
17 0.106889
17.5 0.406937
18 0.667151
18.5 0.86206
19 0.972585
19.5 0.987906
20 0.906524


0 0.966001
0.5 0.847126
1 0.645329
1.5 0.380362
2 0.0781622
2.5 -0.231688
3 -0.518859
3.5 -0.755241
4 -0.917694
4.5 -0.990317
5 -0.966001
5.5 -0.847126
6 -0.645329
6.5 -0.380362
7 -0.0781622
7.5 0.231688
8 0.518859
8.5 0.755241
9 0.917694
9.5 0.990317
10 0.966001
10.5 0.847126
11 0.645329
11.5 0.380362
12 0.0781622
12.5 -0.231688
13 -0.518859
13.5 -0.755241
14 -0.917694
14.5 -0.990317
15 -0.966001
15.5 -0.847126
16 -0.645329
16.5 -0.380362
17 -0.0781622
17.5 0.231688
18 0.518859
18.5 0.755241
19 0.917694
19.5 0.990317
20 0.966001


0 0.991938
0.5 0.928402
1 0.773987
1.5 0.54381
2 0.2604
2.5 -0.0484994
3 -0.352651
3.5 -0.622283
4 -0.831002
4.5 -0.958376
5 -0.991938
5.5 -0.928402
6 -0.773987
6.5 -0.54381
7 -0.2604
7.5 0.0484994
8 0.352651
8.5 0.622283
9 0.831002
9.5 0.958376
10 0.991938
10.5 0.928402
11 0.773987
11.5 0.54381
12 0.2604
12.5 -0.0484994
13 -0.352651
13.5 -0.622283
14 -0.831002
14.5 -0.958376
15 -0.991938
15.5 -0.928402
16 -0.773987
16.5 -0.54381
17 -0.2604
17.5 0.0484994
18 0.352651
18.5 0.622283
19 0.831002
19.5 0.958376
20 0.991938


0 0.983453
0.5 0.977429
1 0.875728
1.5 0.688304
2 0.433505
2.5 0.136271
3 -0.174303
3.5 -0.467814
4 -0.715532
4.5 -0.893209
5 -0.983453
5.5 -0.977429
6 -0.875728
6.5 -0.688304
7 -0.433505
7.5 -0.136271
8 0.174303
8.5 0.467814
9 0.715532
9.5 0.893209
10 0.983453
10.5 0.977429
11 0.875728
11.5 0.688304
12 0.433505
12.5 0.136271
13 -0.174303
13.5 -0.467814
14 -0.715532
14.5 -0.893209
15 -0.983453
15.5 -0.977429
16 -0.875728
16.5 -0.688304
17 -0.433505
17.5 -0.136271
18 0.174303
18.5 0.467814
19 0.715532
19.5 0.893209
20 0.983453


0 0.940859
0.5 0.992524
1 0.947035
1.5 0.808843
2 0.591476
2.5 0.316212
3 0.00999382
3.5 -0.297202
4 -0.575306
4.5 -0.797095
5 -0.940859
5.5 -0.992524
6 -0.947035
6.5 -0.808843
7 -0.591476
7.5 -0.316212
8 -0.00999382
8.5 0.297202
9 0.575306
9.5 0.797095
10 0.940859
10.5 0.992524
11 0.947035
11.5 0.808843
12 0.591476
12.5 0.316212
13 0.00999382
13.5 -0.297202
14 -0.575306
14.5 -0.797095
15 -0.940859
15.5 -0.992524
16 -0.947035
16.5 -0.808843
17 -0.591476
17.5 -0.316212
18 -0.00999382
18.5 0.297202
19 0.575306
19.5 0.797095
20 0.940859


0 0.865652
0.5 0.973184
1 0.985453
1.5 0.901259
2 0.728844
2.5 0.485085
3 0.193842
3.5 -0.116376
4 -0.415202
4.5 -0.673385
5 -0.865652
5.5 -0.973184
6 -0.985453
6.5 -0.901259
7 -0.728844
7.5 -0.485085
8 -0.193842
8.5 0.116376
9 0.415202
9.5 0.673385
10 0.865652
10.5 0.973184
11 0.985453
11.5 0.901259
12 0.728844
12.5 0.485085
13 0.193842
13.5 -0.116376
14 -0.415202
14.5 -0.673385
15 -0.865652
15.5 -0.973184
16 -0.985453
16.5 -0.901259
17 -0.728844
17.5 -0.485085
18 -0.193842
18.5 0.116376
19 0.415202
19.5 0.673385
20 0.865652


0 0.76046
0.5 0.920096
1 0.989667
1.5 0.962362
2 0.840855
2.5 0.637039
3 0.370865
3.5 0.0683879
4 -0.240783
4.5 -0.526385
5 -0.76046
5.5 -0.920096
6 -0.989667
6.5 -0.962362
7 -0.840855
7.5 -0.637039
8 -0.370865
8.5 -0.0683879
9 0.240783
9.5 0.526385
10 0.76046
10.5 0.920096
11 0.989667
11.5 0.962362
12 0.840855
12.5 0.637039
13 0.370865
13.5 0.0683879
14 -0.240783
14.5 -0.526385
15 -0.76046
15.5 -0.920096
16 -0.989667
16.5 -0.962362
17 -0.840855
17.5 -0.637039
18 -0.370865
18.5 -0.0683879
19 0.240783
19.5 0.526385
20 0.76046


0 0.628947
0.5 0.835122
1 0.95955
1.5 0.990049
2 0.923636
2.5 0.766811
3 0.534925
3.5 0.250677
4 -0.0581089
4.5 -0.361207
5 -0.628947
5.5 -0.835122
6 -0.95955
6.5 -0.990049
7 -0.923636
7.5 -0.766811
8 -0.534925
8.5 -0.250677
9 0.0581089
9.5 0.361207
10 0.628947
10.5 0.835122
11 0.95955
11.5 0.990049
12 0.923636
12.5 0.766811
13 0.534925
13.5 0.250677
14 -0.0581089
14.5 -0.361207
15 -0.628947
15.5 -0.835122
16 -0.95955
16.5 -0.990049
17 -0.923636
17.5 -0.766811
18 -0.534925
18.5 -0.250677
19 0.0581089
19.5 0.361207
20 0.628947


0 0.475691
0.5 0.721227
1 0.896164
1.5 0.983379
2 0.974334
2.5 0.869914
3 0.68034
3.5 0.424171
4 0.12648
4.5 -0.183591
5 -0.475691
5.5 -0.721227
6 -0.896164
6.5 -0.983379
7 -0.974334
7.5 -0.869914
8 -0.68034
8.5 -0.424171
9 -0.12648
9.5 0.183591
10 0.475691
10.5 0.721227
11 0.896164
11.5 0.983379
12 0.974334
12.5 0.869914
13 0.68034
13.5 0.424171
14 0.12648
14.5 -0.183591
15 -0.475691
15.5 -0.721227
16 -0.896164
16.5 -0.983379
17 -0.974334
17.5 -0.869914
18 -0.68034
18.5 -0.424171
19 -0.12648
19.5 0.183591
20 0.475691


0 0.306019
0.5 0.582377
1 0.801729
1.5 0.942601
2 0.991206
2.5 0.942784
3 0.802076
3.5 0.582855
4 0.30658
4.5 0.000295189
5 -0.306019
5.5 -0.582377
6 -0.801729
6.5 -0.942601
7 -0.991206
7.5 -0.942784
8 -0.802076
8.5 -0.582855
9 -0.30658
9.5 -0.000295189
10 0.306019
10.5 0.582377
11 0.801729
11.5 0.942601
12 0.991206
12.5 0.942784
13 0.802076
13.5 0.582855
14 0.30658
14.5 0.000295189
15 -0.306019
15.5 -0.582377
16 -0.801729
16.5 -0.942601
17 -0.991206
17.5 -0.942784
18 -0.802076
18.5 -0.582855
19 -0.30658
19.5 -0.000295189
20 0.306019


0 0.125825
0.5 0.423403
1 0.679535
1.5 0.86915
2 0.973686
2.5 0.982911
3 0.895922
3.5 0.721234
4 0.475946
4.5 0.18407
5 -0.125825
5.5 -0.423403
6 -0.679535
6.5 -0.86915
7 -0.973686
7.5 -0.982911
8 -0.895922
8.5 -0.721234
9 -0.475946
9.5 -0.18407
10 0.125825
10.5 0.423403
11 0.679535
11.5 0.86915
12 0.973686
12.5 0.982911
13 0.895922
13.5 0.721234
14 0.475946
14.5 0.18407
15 -0.125825
15.5 -0.423403
16 -0.679535
16.5 -0.86915
17 -0.973686
17.5 -0.982911
18 -0.895922
18.5 -0.721234
19 -0.475946
19.5 -0.18407
20 0.125825


0 -0.0586338
0.5 0.24983
1 0.533838
1.5 0.765591
2 0.922402
2.5 0.988922
3 0.95864
3.5 0.834519
4 0.62871
4.5 0.361358
5 0.0586338
5.5 -0.24983
6 -0.533838
6.5 -0.765591
7 -0.922402
7.5 -0.988922
8 -0.95864
8.5 -0.834519
9 -0.62871
9.5 -0.361358
10 -0.0586338
10.5 0.24983
11 0.533838
11.5 0.765591
12 0.922402
12.5 0.988922
13 0.95864
13.5 0.834519
14 0.62871
14.5 0.361358
15 0.0586338
15.5 -0.24983
16 -0.533838
16.5 -0.765591
17 -0.922402
17.5 -0.988922
18 -0.95864
18.5 -0.834519
19 -0.62871
19.5 -0.361358
20 -0.0586338


0 -0.240957
0.5 0.0676862
1 0.369704
1.5 0.635532
2 0.83915
2.5 0.960626
3 0.98807
3.5 0.918794
4 0.75958
4.5 0.526014
5 0.240957
5.5 -0.0676862
6 -0.369704
6.5 -0.635532
7 -0.83915
7.5 -0.960626
8 -0.98807
8.5 -0.918794
9 -0.75958
9.5 -0.526014
10 -0.240957
10.5 0.0676862
11 0.369704
11.5 0.635532
12 0.83915
12.5 0.960626
13 0.98807
13.5 0.918794
14 0.75958
14.5 0.526014
15 0.240957
15.5 -0.0676862
16 -0.369704
16.5 -0.635532
17 -0.83915
17.5 -0.960626
18 -0.98807
18.5 -0.918794
19 -0.75958
19.5 -0.526014
20 -0.240957


0 -0.414821
0.5 -0.116705
1 0.192836
1.5 0.4835
2 0.726836
2.5 0.899025
3 0.98321
3.5 0.971152
4 0.864031
4.5 0.672332
5 0.414821
5.5 0.116705
6 -0.192836
6.5 -0.4835
7 -0.726836
7.5 -0.899025
8 -0.98321
8.5 -0.971152
9 -0.864031
9.5 -0.672332
10 -0.414821
10.5 -0.116705
11 0.192836
11.5 0.4835
12 0.726836
12.5 0.899025
13 0.98321
13.5 0.971152
14 0.864031
14.5 0.672332
15 0.414821
15.5 0.116705
16 -0.192836
16.5 -0.4835
17 -0.726836
17.5 -0.899025
18 -0.98321
18.5 -0.971152
19 -0.864031
19.5 -0.672332
20 -0.414821


0 -0.574201
0.5 -0.296945
1 0.00937674
1.5 0.314781
2 0.589372
2.5 0.806272
3 0.944248
3.5 0.989794
4 0.938453
4.5 0.795249
5 0.574201
5.5 0.296945
6 -0.00937674
6.5 -0.314781
7 -0.589372
7.5 -0.806272
8 -0.944248
8.5 -0.989794
9 -0.938453
9.5 -0.795249
10 -0.574201
10.5 -0.296945
11 0.00937674
11.5 0.314781
12 0.589372
12.5 0.806272
13 0.944248
13.5 0.989794
14 0.938453
14.5 0.795249
15 0.574201
15.5 0.296945
16 -0.00937674
16.5 -0.314781
17 -0.589372
17.5 -0.806272
18 -0.944248
18.5 -0.989794
19 -0.938453
19.5 -0.795249
20 -0.574201


0 -0.713574
0.5 -0.466787
1 -0.174306
1.5 0.135236
2 0.431541
2.5 0.685603
3 0.872554
3.5 0.974093
4 0.980281
4.5 0.890513
5 0.713574
5.5 0.466787
6 0.174306
6.5 -0.135236
7 -0.431541
7.5 -0.685603
8 -0.872554
8.5 -0.974093
9 -0.980281
9.5 -0.890513
10 -0.713574
10.5 -0.466787
11 -0.174306
11.5 0.135236
12 0.431541
12.5 0.685603
13 0.872554
13.5 0.974093
14 0.980281
14.5 0.890513
15 0.713574
15.5 0.466787
16 0.174306
16.5 -0.135236
17 -0.431541
17.5 -0.685603
18 -0.872554
18.5 -0.974093
19 -0.980281
19.5 -0.890513
20 -0.713574


0 -0.828119
0.5 -0.620342
1 -0.351842
1.5 -0.0489009
2 0.258827
2.5 0.541219
3 0.770633
3.5 0.924612
4 0.988083
4.5 0.954834
5 0.828119
5.5 0.620342
6 0.351842
6.5 0.0489009
7 -0.258827
7.5 -0.541219
8 -0.770633
8.5 -0.924612
9 -0.988083
9.5 -0.954834
10 -0.828119
10.5 -0.620342
11 -0.351842
11.5 -0.0489009
12 0.258827
12.5 0.541219
13 0.770633
13.5 0.924612
14 0.988083
14.5 0.954834
15 0.828119
15.5 0.620342
16 0.351842
16.5 0.0489009
17 -0.258827
17.5 -0.541219
18 -0.770633
18.5 -0.924612
19 -0.988083
19.5 -0.954834
20 -0.828119


0 -0.913876
0.5 -0.752295
1 -0.517075
1.5 -0.23124
2 0.0772305
2.5 0.378141
3 0.642037
3.5 0.843085
4 0.961607
4.5 0.985999
5 0.913876
5.5 0.752295
6 0.517075
6.5 0.23124
7 -0.0772305
7.5 -0.378141
8 -0.642037
8.5 -0.843085
9 -0.961607
9.5 -0.985999
10 -0.913876
10.5 -0.752295
11 -0.517075
11.5 -0.23124
12 0.0772305
12.5 0.378141
13 0.642037
13.5 0.843085
14 0.961607
14.5 0.985999
15 0.913876
15.5 0.752295
16 0.517075
16.5 0.23124
17 -0.0772305
17.5 -0.378141
18 -0.642037
18.5 -0.843085
19 -0.961607
19.5 -0.985999
20 -0.913876


0 -0.967885
0.5 -0.85808
1 -0.664281
1.5 -0.405457
2 -0.106945
2.5 0.202037
3 0.491241
3.5 0.732359
4 0.901789
4.5 0.982946
5 0.967885
5.5 0.85808
6 0.664281
6.5 0.405457
7 0.106945
7.5 -0.202037
8 -0.491241
8.5 -0.732359
9 -0.901789
9.5 -0.982946
10 -0.967885
10.5 -0.85808
11 -0.664281
11.5 -0.405457
12 -0.106945
12.5 0.202037
13 0.491241
13.5 0.732359
14 0.901789
14.5 0.982946
15 0.967885
15.5 0.85808
16 0.664281
16.5 0.405457
17 0.106945
17.5 -0.202037
18 -0.491241
18.5 -0.732359
19 -0.901789
19.5 -0.982946
20 -0.967885


0 -0.988291
0.5 -0.934042
1 -0.788363
1.5 -0.565514
2 -0.287308
2.5 0.0190211
3 0.323489
3.5 0.596291
4 0.810724
4.5 0.945798
5 0.988291
5.5 0.934042
6 0.788363
6.5 0.565514
7 0.287308
7.5 -0.0190211
8 -0.323489
8.5 -0.596291
9 -0.810724
9.5 -0.945798
10 -0.988291
10.5 -0.934042
11 -0.788363
11.5 -0.565514
12 -0.287308
12.5 0.0190211
13 0.323489
13.5 0.596291
14 0.810724
14.5 0.945798
15 0.988291
15.5 0.934042
16 0.788363
16.5 0.565514
17 0.287308
17.5 -0.0190211
18 -0.323489
18.5 -0.596291
19 -0.810724
19.5 -0.945798
20 -0.988291


0 -0.974404
0.5 -0.977563
1 -0.885031
1.5 -0.705867
2 -0.457607
2.5 -0.164553
3 0.144608
3.5 0.439614
4 0.691587
4.5 0.875863
5 0.974404
5.5 0.977563
6 0.885031
6.5 0.705867
7 0.457607
7.5 0.164553
8 -0.144608
8.5 -0.439614
9 -0.691587
9.5 -0.875863
10 -0.974404
10.5 -0.977563
11 -0.885031
11.5 -0.705867
12 -0.457607
12.5 -0.164553
13 0.144608
13.5 0.439614
14 0.691587
14.5 0.875863
15 0.974404
15.5 0.977563
16 0.885031
16.5 0.705867
17 0.457607
17.5 0.164553
18 -0.144608
18.5 -0.439614
19 -0.691587
19.5 -0.875863
20 -0.974404


0 -0.926725
0.5 -0.98715
1 -0.950946
1.5 -0.821657
2 -0.611938
2.5 -0.342318
3 -0.0391901
3.5 0.267774
4 0.548527
4.5 0.775586
5 0.926725
5.5 0.98715
6 0.950946
6.5 0.821657
7 0.611938
7.5 0.342318
8 0.0391901
8.5 -0.267774
9 -0.548527
9.5 -0.775586
10 -0.926725
10.5 -0.98715
11 -0.950946
11.5 -0.821657
12 -0.611938
12.5 -0.342318
13 -0.0391901
13.5 0.267774
14 0.548527
14.5 0.775586
15 0.926725
15.5 0.98715
16 0.950946
16.5 0.821657
17 0.611938
17.5 0.342318
18 0.0391901
18.5 -0.267774
19 -0.548527
19.5 -0.775586
20 -0.926725


0 -0.846927
0.5 -0.962491
1 -0.983839
1.5 -0.908882
2 -0.744957
2.5 -0.508111
3 -0.221527
3.5 0.086741
4 0.386519
4.5 0.648461
5 0.846927
5.5 0.962491
6 0.983839
6.5 0.908882
7 0.744957
7.5 0.508111
8 0.221527
8.5 -0.086741
9 -0.386519
9.5 -0.648461
10 -0.846927
10.5 -0.962491
11 -0.983839
11.5 -0.908882
12 -0.744957
12.5 -0.508111
13 -0.221527
13.5 0.086741
14 0.386519
14.5 0.648461
15 0.846927
15.5 0.962491
16 0.983839
16.5 0.908882
17 0.744957
17.5 0.508111
18 0.221527
18.5 -0.086741
19 -0.386519
19.5 -0.648461
20 -0.846927


0 -0.737796
0.5 -0.904459
1 -0.982587
1.5 -0.964532
2 -0.852063
2.5 -0.656187
3 -0.39608
3.5 -0.0972011
4 0.211192
4.5 0.498913
5 0.737796
5.5 0.904459
6 0.982587
6.5 0.964532
7 0.852063
7.5 0.656187
8 0.39608
8.5 0.0972011
9 -0.211192
9.5 -0.498913
10 -0.737796
10.5 -0.904459
11 -0.982587
11.5 -0.964532
12 -0.852063
12.5 -0.656187
13 -0.39608
13.5 -0.0972011
14 0.211192
14.5 0.498913
15 0.737796
15.5 0.904459
16 0.982587
16.5 0.964532
17 0.852063
17.5 0.656187
18 0.39608
18.5 0.0972011
19 -0.211192
19.5 -0.498913
20 -0.737796


0 -0.603132
0.5 -0.815085
1 -0.947252
1.5 -0.986695
2 -0.929553
2.5 -0.78142
3 -0.556797
3.5 -0.27767
4 0.028637
4.5 0.332141
5 0.603132
5.5 0.815085
6 0.947252
6.5 0.986695
7 0.929553
7.5 0.78142
8 0.556797
8.5 0.27767
9 -0.028637
9.5 -0.332141
10 -0.603132
10.5 -0.815085
11 -0.947252
11.5 -0.986695
12 -0.929553
12.5 -0.78142
13 -0.556797
13.5 -0.27767
14 0.028637
14.5 0.332141
15 0.603132
15.5 0.815085
16 0.947252
16.5 0.986695
17 0.929553
17.5 0.78142
18 0.556797
18.5 0.27767
19 -0.028637
19.5 -0.332141
20 -0.603132


0 -0.447622
0.5 -0.697488
1 -0.879079
1.5 -0.974619
2 -0.974757
2.5 -0.879479
3 -0.698111
3.5 -0.448408
4 -0.154811
4.5 0.15394
5 0.447622
5.5 0.697488
6 0.879079
6.5 0.974619
7 0.974757
7.5 0.879479
8 0.698111
8.5 0.448408
9 0.154811
9.5 -0.15394
10 -0.447622
10.5 -0.697488
11 -0.879079
11.5 -0.974619
12 -0.974757
12.5 -0.879479
13 -0.698111
13.5 -0.448408
14 -0.154811
14.5 0.15394
15 0.447622
15.5 0.697488
16 0.879079
16.5 0.974619
17 0.974757
17.5 0.879479
18 0.698111
18.5 0.448408
19 0.154811
19.5 -0.15394
20 -0.447622


0 -0.276671
0.5 -0.555761
1 -0.78045
1.5 -0.928743
2 -0.986124
2.5 -0.946977
3 -0.815132
3.5 -0.603497
4 -0.332787
4.5 -0.0295022
5 0.276671
5.5 0.555761
6 0.78045
6.5 0.928743
7 0.986124
7.5 0.946977
8 0.815132
8.5 0.603497
9 0.332787
9.5 0.0295022
10 -0.276671
10.5 -0.555761
11 -0.78045
11.5 -0.928743
12 -0.986124
12.5 -0.946977
13 -0.815132
13.5 -0.603497
14 -0.332787
14.5 -0.0295022
15 0.276671
15.5 0.555761
16 0.78045
16.5 0.928743
17 0.986124
17.5 0.946977
18 0.815132
18.5 0.603497
19 0.332787
19.5 0.0295022
20 -0.276671


0 -0.0962169
0.5 -0.394835
1 -0.654804
1.5 -0.850677
2 -0.963279
2.5 -0.981589
3 -0.903814
3.5 -0.737567
4 -0.499122
4.5 -0.21182
5 0.0962169
5.5 0.394835
6 0.654804
6.5 0.850677
7 0.963279
7.5 0.981589
8 0.903814
8.5 0.737567
9 0.499122
9.5 0.21182
10 -0.0962169
10.5 -0.394835
11 -0.654804
11.5 -0.850677
12 -0.963279
12.5 -0.981589
13 -0.903814
13.5 -0.737567
14 -0.499122
14.5 -0.21182
15 0.0962169
15.5 0.394835
16 0.654804
16.5 0.850677
17 0.963279
17.5 0.981589
18 0.903814
18.5 0.737567
19 0.499122
19.5 0.21182
20 -0.0962169


0 0.087475
0.5 -0.220302
1 -0.506515
1.5 -0.743146
2 -0.907033
2.5 -0.982133
3 -0.961095
3.5 -0.845979
4 -0.648052
4.5 -0.386689
5 -0.087475
5.5 0.220302
6 0.506515
6.5 0.743146
7 0.907033
7.5 0.982133
8 0.961095
8.5 0.845979
9 0.648052
9.5 0.386689
10 0.087475
10.5 -0.220302
11 -0.506515
11.5 -0.743146
12 -0.907033
12.5 -0.982133
13 -0.961095
13.5 -0.845979
14 -0.648052
14.5 -0.386689
15 -0.087475
15.5 0.220302
16 0.506515
16.5 0.743146
17 0.907033
17.5 0.982133
18 0.961095
18.5 0.845979
19 0.648052
19.5 0.386689
20 0.087475


0 0.268031
0.5 -0.0382236
1 -0.340737
1.5 -0.609896
2 -0.819355
2.5 -0.948609
3 -0.985007
3.5 -0.924986
4 -0.77442
4.5 -0.548049
5 -0.268031
5.5 0.0382236
6 0.340737
6.5 0.609896
7 0.819355
7.5 0.948609
8 0.985007
8.5 0.924986
9 0.77442
9.5 0.548049
10 0.268031
10.5 -0.0382236
11 -0.340737
11.5 -0.609896
12 -0.819355
12.5 -0.948609
13 -0.985007
13.5 -0.924986
14 -0.77442
14.5 -0.548049
15 -0.268031
15.5 0.0382236
16 0.340737
16.5 0.609896
17 0.819355
17.5 0.948609
18 0.985007
18.5 0.924986
19 0.77442
19.5 0.548049
20 0.268031


0 0.43919
0.5 0.14508
1 -0.163231
1.5 -0.455565
2 -0.703304
2.5 -0.8822
3 -0.974739
3.5 -0.971864
4 -0.873856
4.5 -0.69031
5 -0.43919
5.5 -0.14508
6 0.163231
6.5 0.455565
7 0.703304
7.5 0.8822
8 0.974739
8.5 0.971864
9 0.873856
9.5 0.69031
10 0.43919
10.5 0.14508
11 -0.163231
11.5 -0.455565
12 -0.703304
12.5 -0.8822
13 -0.974739
13.5 -0.971864
14 -0.873856
14.5 -0.69031
15 -0.43919
15.5 -0.14508
16 0.163231
16.5 0.455565
17 0.703304
17.5 0.8822
18 0.974739
18.5 0.971864
19 0.873856
19.5 0.69031
20 0.43919


0 0.595021
0.5 0.323251
1 0.0198382
1.5 -0.285516
2 -0.562922
2.5 -0.785225
3 -0.930665
3.5 -0.985005
4 -0.942926
4.5 -0.808546
5 -0.595021
5.5 -0.323251
6 -0.0198382
6.5 0.285516
7 0.562922
7.5 0.785225
8 0.930665
8.5 0.985005
9 0.942926
9.5 0.808546
10 0.595021
10.5 0.323251
11 0.0198382
11.5 -0.285516
12 -0.562922
12.5 -0.785225
13 -0.930665
13.5 -0.985005
14 -0.942926
14.5 -0.808546
15 -0.595021
15.5 -0.323251
16 -0.0198382
16.5 0.285516
17 0.562922
17.5 0.785225
18 0.930665
18.5 0.985005
19 0.942926
19.5 0.808546
20 0.595021


0 0.730126
0.5 0.49011
1 0.202119
1.5 -0.105657
2 -0.403091
2.5 -0.661067
3 -0.854333
3.5 -0.963971
4 -0.979249
4.5 -0.898672
5 -0.730126
5.5 -0.49011
6 -0.202119
6.5 0.105657
7 0.403091
7.5 0.661067
8 0.854333
8.5 0.963971
9 0.979249
9.5 0.898672
10 0.730126
10.5 0.49011
11 0.202119
11.5 -0.105657
12 -0.403091
12.5 -0.661067
13 -0.854333
13.5 -0.963971
14 -0.979249
14.5 -0.898672
15 -0.730126
15.5 -0.49011
16 -0.202119
16.5 0.105657
17 0.403091
17.5 0.661067
18 0.854333
18.5 0.963971
19 0.979249
19.5 0.898672
20 0.730126


0 0.83983
0.5 0.639876
1 0.377287
1.5 0.0777672
2 -0.229366
2.5 -0.514046
3 -0.748409
3.5 -0.909512
4 -0.981585
4.5 -0.957574
5 -0.83983
5.5 -0.639876
6 -0.377287
6.5 -0.0777672
7 0.229366
7.5 0.514046
8 0.748409
8.5 0.909512
9 0.981585
9.5 0.957574
10 0.83983
10.5 0.639876
11 0.377287
11.5 0.0777672
12 -0.229366
12.5 -0.514046
13 -0.748409
13.5 -0.909512
14 -0.981585
14.5 -0.957574
15 -0.83983
15.5 -0.639876
16 -0.377287
16.5 -0.0777672
17 0.229366
17.5 0.514046
18 0.748409
18.5 0.909512
19 0.981585
19.5 0.957574
20 0.83983


0 0.920341
0.5 0.767364
1 0.539273
1.5 0.258393
2 -0.0477801
2.5 -0.349276
3 -0.616582
3.5 -0.823533
4 -0.949871
4.5 -0.983229
5 -0.920341
5.5 -0.767364
6 -0.539273
6.5 -0.258393
7 0.0477801
7.5 0.349276
8 0.616582
8.5 0.823533
9 0.949871
9.5 0.983229
10 0.920341
10.5 0.767364
11 0.539273
11.5 0.258393
12 -0.0477801
12.5 -0.349276
13 -0.616582
13.5 -0.823533
14 -0.949871
14.5 -0.983229
15 -0.920341
15.5 -0.767364
16 -0.539273
16.5 -0.258393
17 0.0477801
17.5 0.349276
18 0.616582
18.5 0.823533
19 0.949871
19.5 0.983229
20 0.920341


0 0.968885
0.5 0.868164
1 0.682462
1.5 0.429956
2 0.135362
2.5 -0.172481
3 -0.463441
3.5 -0.709036
4 -0.885226
4.5 -0.974764
5 -0.968885
5.5 -0.868164
6 -0.682462
6.5 -0.429956
7 -0.135362
7.5 0.172481
8 0.463441
8.5 0.709036
9 0.885226
9.5 0.974764
10 0.968885
10.5 0.868164
11 0.682462
11.5 0.429956
12 0.135362
12.5 -0.172481
13 -0.463441
13.5 -0.709036
14 -0.885226
14.5 -0.974764
15 -0.968885
15.5 -0.868164
16 -0.682462
16.5 -0.429956
17 -0.135362
17.5 0.172481
18 0.463441
18.5 0.709036
19 0.885226
19.5 0.974764
20 0.968885


0 0.983793
0.5 0.938794
1 0.8019
1.5 0.58651
2 0.313709
2.5 0.0101989
3 -0.294309
3.5 -0.570008
4 -0.789911
4.5 -0.932491
5 -0.983793
5.5 -0.938794
6 -0.8019
6.5 -0.58651
7 -0.313709
7.5 -0.0101989
8 0.294309
8.5 0.570008
9 0.789911
9.5 0.932491
10 0.983793
10.5 0.938794
11 0.8019
11.5 0.58651
12 0.313709
12.5 0.0101989
13 -0.294309
13.5 -0.570008
14 -0.789911
14.5 -0.932491
15 -0.983793
15.5 -0.938794
16 -0.8019
16.5 -0.58651
17 -0.313709
17.5 -0.0101989
18 0.294309
18.5 0.570008
19 0.789911
19.5 0.932491
20 0.983793


0 0.964568
0.5 0.976821
1 0.893456
1.5 0.722633
2 0.481074
2.5 0.192424
3 -0.115061
3.5 -0.411284
4 -0.667248
4.5 -0.857896
5 -0.964568
5.5 -0.976821
6 -0.893456
6.5 -0.722633
7 -0.481074
7.5 -0.192424
8 0.115061
8.5 0.411284
9 0.667248
9.5 0.857896
10 0.964568
10.5 0.976821
11 0.893456
11.5 0.722633
12 0.481074
12.5 0.192424
13 -0.115061
13.5 -0.411284
14 -0.667248
14.5 -0.857896
15 -0.964568
15.5 -0.976821
16 -0.893456
16.5 -0.722633
17 -0.481074
17.5 -0.192424
18 0.115061
18.5 0.411284
19 0.667248
19.5 0.857896
20 0.964568


0 0.911895
0.5 0.980943
1 0.95397
1.5 0.833615
2 0.631661
2.5 0.367875
3 0.0680786
3.5 -0.238382
4 -0.521507
4.5 -0.753584
5 -0.911895
5.5 -0.980943
6 -0.95397
6.5 -0.833615
7 -0.631661
7.5 -0.367875
8 -0.0680786
8.5 0.238382
9 0.521507
9.5 0.753584
10 0.911895
10.5 0.980943
11 0.95397
11.5 0.833615
12 0.631661
12.5 0.367875
13 0.0680786
13.5 -0.238382
14 -0.521507
14.5 -0.753584
15 -0.911895
15.5 -0.980943
16 -0.95397
16.5 -0.833615
17 -0.631661
17.5 -0.367875
18 -0.0680786
18.5 0.238382
19 0.521507
19.5 0.753584
20 0.911895


0 0.82762
0.5 0.951037
1 0.98136
1.5 0.91562
2 0.760253
2.5 0.530468
3 0.248756
3.5 -0.0573056
4 -0.357758
4.5 -0.62319
5 -0.82762
5.5 -0.951037
6 -0.98136
6.5 -0.91562
7 -0.760253
7.5 -0.530468
8 -0.248756
8.5 0.0573056
9 0.357758
9.5 0.62319
10 0.82762
10.5 0.951037
11 0.98136
11.5 0.91562
12 0.760253
12.5 0.530468
13 0.248756
13.5 -0.0573056
14 -0.357758
14.5 -0.62319
15 -0.82762
15.5 -0.951037
16 -0.98136
16.5 -0.91562
17 -0.760253
17.5 -0.530468
18 -0.248756
18.5 0.0573056
19 0.357758
19.5 0.62319
20 0.82762


0 0.714684
0.5 0.888158
1 0.974694
1.5 0.965819
2 0.862404
2.5 0.67457
3 0.420705
3.5 0.125658
4 -0.181689
4.5 -0.471251
5 -0.714684
5.5 -0.888158
6 -0.974694
6.5 -0.965819
7 -0.862404
7.5 -0.67457
8 -0.420705
8.5 -0.125658
9 0.181689
9.5 0.471251
10 0.714684
10.5 0.888158
11 0.974694
11.5 0.965819
12 0.862404
12.5 0.67457
13 0.420705
13.5 0.125658
14 -0.181689
14.5 -0.471251
15 -0.714684
15.5 -0.888158
16 -0.974694
16.5 -0.965819
17 -0.862404
17.5 -0.67457
18 -0.420705
18.5 -0.125658
19 0.181689
19.5 0.471251
20 0.714684


0 0.577019
0.5 0.794506
1 0.934222
1.5 0.982489
2 0.934583
2.5 0.795194
3 0.577966
3.5 0.304162
4 0.000585185
4.5 -0.303049
5 -0.577019
5.5 -0.794506
6 -0.934222
6.5 -0.982489
7 -0.934583
7.5 -0.795194
8 -0.577966
8.5 -0.304162
9 -0.000585185
9.5 0.303049
10 0.577019
10.5 0.794506
11 0.934222
11.5 0.982489
12 0.934583
12.5 0.795194
13 0.577966
13.5 0.304162
14 0.000585185
14.5 -0.303049
15 -0.577019
15.5 -0.794506
16 -0.934222
16.5 -0.982489
17 -0.934583
17.5 -0.795194
18 -0.577966
18.5 -0.304162
19 -0.000585185
19.5 0.303049
20 0.577019


0 0.419415
0.5 0.673346
1 0.861366
1.5 0.965069
2 0.974305
2.5 0.888168
3 0.715092
3.5 0.472017
4 0.182738
4.5 -0.124428
5 -0.419415
5.5 -0.673346
6 -0.861366
6.5 -0.965069
7 -0.974305
7.5 -0.888168
8 -0.715092
8.5 -0.472017
9 -0.182738
9.5 0.124428
10 0.419415
10.5 0.673346
11 0.861366
11.5 0.965069
12 0.974305
12.5 0.888168
13 0.715092
13.5 0.472017
14 0.182738
14.5 -0.124428
15 -0.419415
15.5 -0.673346
16 -0.861366
16.5 -0.965069
17 -0.974305
17.5 -0.888168
18 -0.715092
18.5 -0.472017
19 -0.182738
19.5 0.124428
20 0.419415


0 0.24735
0.5 0.528897
1 0.758672
1.5 0.914183
2 0.980208
2.5 0.950283
3 0.827337
3.5 0.623407
4 0.358452
4.5 0.0584101
5 -0.24735
5.5 -0.528897
6 -0.758672
6.5 -0.914183
7 -0.980208
7.5 -0.950283
8 -0.827337
8.5 -0.623407
9 -0.358452
9.5 -0.0584101
10 0.24735
10.5 0.528897
11 0.758672
11.5 0.914183
12 0.980208
12.5 0.950283
13 0.827337
13.5 0.623407
14 0.358452
14.5 0.0584101
15 -0.24735
15.5 -0.528897
16 -0.758672
16.5 -0.914183
17 -0.980208
17.5 -0.950283
18 -0.827337
18.5 -0.623407
19 -0.358452
19.5 -0.0584101
20 0.24735


0 0.0667993
0.5 0.366181
1 0.629719
1.5 0.831615
2 0.952107
2.5 0.9794
3 0.910823
3.5 0.753088
4 0.521635
4.5 0.239121
5 -0.0667993
5.5 -0.366181
6 -0.629719
6.5 -0.831615
7 -0.952107
7.5 -0.9794
8 -0.910823
8.5 -0.753088
9 -0.521635
9.5 -0.239121
10 0.0667993
10.5 0.366181
11 0.629719
11.5 0.831615
12 0.952107
12.5 0.9794
13 0.910823
13.5 0.753088
14 0.521635
14.5 0.239121
15 -0.0667993
15.5 -0.366181
16 -0.629719
16.5 -0.831615
17 -0.952107
17.5 -0.9794
18 -0.910823
18.5 -0.753088
19 -0.521635
19.5 -0.239121
20 0.0667993


