0 0
0.5 0.309017
1 0.587785
1.5 0.809017
2 0.951057
2.5 1
3 0.951057
3.5 0.809017
4 0.587785
4.5 0.309017
5 1.22465e-16
5.5 -0.309017
6 -0.587785
6.5 -0.809017
7 -0.951057
7.5 -1
8 -0.951057
8.5 -0.809017
9 -0.587785
9.5 -0.309017
10 -2.44929e-16
10.5 0.309017
11 0.587785
11.5 0.809017
12 0.951057
12.5 1
13 0.951057
13.5 0.809017
14 0.587785
14.5 0.309017
15 3.67394e-16
15.5 -0.309017
16 -0.587785
16.5 -0.809017
17 -0.951057
17.5 -1
18 -0.951057
18.5 -0.809017
19 -0.587785
19.5 -0.309017
20 -4.89859e-16


0 -0.18541
0.5 0.123607
1 0.420524
1.5 0.676278
2 0.865833
2.5 0.970634
3 0.980423
3.5 0.894241
4 0.720524
4.5 0.476278
5 0.18541
5.5 -0.123607
6 -0.420524
6.5 -0.676278
7 -0.865833
7.5 -0.970634
8 -0.980423
8.5 -0.894241
9 -0.720524
9.5 -0.476278
10 -0.18541
10.5 0.123607
11 0.420524
11.5 0.676278
12 0.865833
12.5 0.970634
13 0.980423
13.5 0.894241
14 0.720524
14.5 0.476278
15 0.18541
15.5 -0.123607
16 -0.420524
16.5 -0.676278
17 -0.865833
17.5 -0.970634
18 -0.980423
18.5 -0.894241
19 -0.720524
19.5 -0.476278
20 -0.18541


0 -0.359931
0.5 -0.0618034
1 0.242374
1.5 0.522826
2 0.7521
2.5 0.907753
3 0.974549
3.5 0.94595
4 0.824754
4.5 0.622826
5 0.359931
5.5 0.0618034
6 -0.242374
6.5 -0.522826
7 -0.7521
7.5 -0.907753
8 -0.974549
8.5 -0.94595
9 -0.824754
9.5 -0.622826
10 -0.359931
10.5 -0.0618034
11 0.242374
11.5 0.522826
12 0.7521
12.5 0.907753
13 0.974549
13.5 0.94595
14 0.824754
14.5 0.622826
15 0.359931
15.5 0.0618034
16 -0.242374
16.5 -0.522826
17 -0.7521
17.5 -0.907753
18 -0.974549
18.5 -0.94595
19 -0.824754
19.5 -0.622826
20 -0.359931


0 -0.517668
0.5 -0.24068
1 0.0598675
1.5 0.354555
2 0.614535
2.5 0.814361
3 0.934472
3.5 0.96311
4 0.897472
4.5 0.743983
5 0.517668
5.5 0.24068
6 -0.0598675
6.5 -0.354555
7 -0.614535
7.5 -0.814361
8 -0.934472
8.5 -0.96311
9 -0.897472
9.5 -0.743983
10 -0.517668
10.5 -0.24068
11 0.0598675
11.5 0.354555
12 0.614535
12.5 0.814361
13 0.934472
13.5 0.96311
14 0.897472
14.5 0.743983
15 0.517668
15.5 0.24068
16 -0.0598675
16.5 -0.354555
17 -0.614535
17.5 -0.814361
18 -0.934472
18.5 -0.96311
19 -0.897472
19.5 -0.743983
20 -0.517668


0 -0.653457
0.5 -0.406873
1 -0.120461
1.5 0.177742
2 0.458547
2.5 0.694466
3 0.862405
3.5 0.945927
4 0.936854
4.5 0.836076
5 0.653457
5.5 0.406873
6 0.120461
6.5 -0.177742
7 -0.458547
7.5 -0.694466
8 -0.862405
8.5 -0.945927
9 -0.936854
9.5 -0.836076
10 -0.653457
10.5 -0.406873
11 -0.120461
11.5 0.177742
12 0.458547
12.5 0.694466
13 0.862405
13.5 0.945927
14 0.936854
14.5 0.836076
15 0.653457
15.5 0.406873
16 0.120461
16.5 -0.177742
17 -0.458547
17.5 -0.694466
18 -0.862405
18.5 -0.945927
19 -0.936854
19.5 -0.836076
20 -0.653457


0 -0.763028
0.5 -0.554823
1 -0.292308
1.5 -0.00117963
2 0.290064
2.5 0.552914
3 0.761642
3.5 0.895814
4 0.942298
4.5 0.896543
5 0.763028
5.5 0.554823
6 0.292308
6.5 0.00117963
7 -0.290064
7.5 -0.552914
8 -0.761642
8.5 -0.895814
9 -0.942298
9.5 -0.896543
10 -0.763028
10.5 -0.554823
11 -0.292308
11.5 -0.00117963
12 0.290064
12.5 0.552914
13 0.761642
13.5 0.895814
14 0.942298
14.5 0.896543
15 0.763028
15.5 0.554823
16 0.292308
16.5 0.00117963
17 -0.290064
17.5 -0.552914
18 -0.761642
18.5 -0.895814
19 -0.942298
19.5 -0.896543
20 -0.763028


0 -0.843137
0.5 -0.679746
1 -0.449817
1.5 -0.175857
2 0.115318
2.5 0.395204
3 0.636405
3.5 0.815311
4 0.914408
4.5 0.923996
5 0.843137
5.5 0.679746
6 0.449817
6.5 0.175857
7 -0.115318
7.5 -0.395204
8 -0.636405
8.5 -0.815311
9 -0.914408
9.5 -0.923996
10 -0.843137
10.5 -0.679746
11 -0.449817
11.5 -0.175857
12 0.115318
12.5 0.395204
13 0.636405
13.5 0.815311
14 0.914408
14.5 0.923996
15 0.843137
15.5 0.679746
16 0.449817
16.5 0.175857
17 -0.115318
17.5 -0.395204
18 -0.636405
18.5 -0.815311
19 -0.914408
19.5 -0.923996
20 -0.843137


0 -0.891652
0.5 -0.777781
1 -0.587775
1.5 -0.340233
2 -0.0593868
2.5 0.227272
3 0.491685
3.5 0.707967
4 0.854949
4.5 0.918243
5 0.891652
5.5 0.777781
6 0.587775
6.5 0.340233
7 0.0593868
7.5 -0.227272
8 -0.491685
8.5 -0.707967
9 -0.854949
9.5 -0.918243
10 -0.891652
10.5 -0.777781
11 -0.587775
11.5 -0.340233
12 -0.0593868
12.5 0.227272
13 0.491685
13.5 0.707967
14 0.854949
14.5 0.918243
15 0.891652
15.5 0.777781
16 0.587775
16.5 0.340233
17 0.0593868
17.5 -0.227272
18 -0.491685
18.5 -0.707967
19 -0.854949
19.5 -0.918243
20 -0.891652


0 -0.907607
0.5 -0.846104
1 -0.701778
1.5 -0.488758
2 -0.227894
2.5 0.0552769
3 0.333037
3.5 0.578198
4 0.76676
4.5 0.880267
5 0.907607
5.5 0.846104
6 0.701778
6.5 0.488758
7 0.227894
7.5 -0.0552769
8 -0.333037
8.5 -0.578198
9 -0.76676
9.5 -0.880267
10 -0.907607
10.5 -0.846104
11 -0.701778
11.5 -0.488758
12 -0.227894
12.5 0.0552769
13 0.333037
13.5 0.578198
14 0.76676
14.5 0.880267
15 0.907607
15.5 0.846104
16 0.701778
16.5 0.488758
17 0.227894
17.5 -0.0552769
18 -0.333037
18.5 -0.578198
19 -0.76676
19.5 -0.880267
20 -0.907607


0 -0.891203
0.5 -0.883006
1 -0.788374
1.5 -0.61657
2 -0.384413
2.5 -0.114626
3 0.166381
3.5 0.431102
4 0.653623
4.5 0.812163
5 0.891203
5.5 0.883006
6 0.788374
6.5 0.61657
7 0.384413
7.5 0.114626
8 -0.166381
8.5 -0.431102
9 -0.653623
9.5 -0.812163
10 -0.891203
10.5 -0.883006
11 -0.788374
11.5 -0.61657
12 -0.384413
12.5 -0.114626
13 0.166381
13.5 0.431102
14 0.653623
14.5 0.812163
15 0.891203
15.5 0.883006
16 0.788374
16.5 0.61657
17 0.384413
17.5 0.114626
18 -0.166381
18.5 -0.431102
19 -0.653623
19.5 -0.812163
20 -0.891203


0 -0.843779
0.5 -0.887924
1 -0.845153
1.5 -0.719652
2 -0.523707
2.5 -0.276498
3 -0.00222312
3.5 0.272269
4 0.52011
4.5 0.717039
5 0.843779
5.5 0.887924
6 0.845153
6.5 0.719652
7 0.523707
7.5 0.276498
8 0.00222312
8.5 -0.272269
9 -0.52011
9.5 -0.717039
10 -0.843779
10.5 -0.887924
11 -0.845153
11.5 -0.719652
12 -0.523707
12.5 -0.276498
13 -0.00222312
13.5 0.272269
14 0.52011
14.5 0.717039
15 0.843779
15.5 0.887924
16 0.845153
16.5 0.719652
17 0.523707
17.5 0.276498
18 0.00222312
18.5 -0.272269
19 -0.52011
19.5 -0.717039
20 -0.843779


0 -0.767735
0.5 -0.861437
1 -0.870815
1.5 -0.794953
2 -0.641274
2.5 -0.424823
3 -0.166788
3.5 0.107574
4 0.371406
4.5 0.598882
5 0.767735
5.5 0.861437
6 0.870815
6.5 0.794953
7 0.641274
7.5 0.424823
8 0.166788
8.5 -0.107574
9 -0.371406
9.5 -0.598882
10 -0.767735
10.5 -0.861437
11 -0.870815
11.5 -0.794953
12 -0.641274
12.5 -0.424823
13 -0.166788
13.5 0.107574
14 0.371406
14.5 0.598882
15 0.767735
15.5 0.861437
16 0.870815
16.5 0.794953
17 0.641274
17.5 0.424823
18 0.166788
18.5 -0.107574
19 -0.371406
19.5 -0.598882
20 -0.767735


0 -0.666423
0.5 -0.805216
1 -0.865188
1.5 -0.84047
2 -0.733481
2.5 -0.554694
3 -0.321609
3.5 -0.0570433
4 0.213107
4.5 0.462396
5 0.666423
5.5 0.805216
6 0.865188
6.5 0.84047
7 0.733481
7.5 0.554694
8 0.321609
8.5 0.0570433
9 -0.213107
9.5 -0.462396
10 -0.666423
10.5 -0.805216
11 -0.865188
11.5 -0.84047
12 -0.733481
12.5 -0.554694
13 -0.321609
13.5 -0.0570433
14 0.213107
14.5 0.462396
15 0.666423
15.5 0.805216
16 0.865188
16.5 0.84047
17 0.733481
17.5 0.554694
18 0.321609
18.5 0.0570433
19 -0.213107
19.5 -0.462396
20 -0.666423


0 -0.544007
0.5 -0.72194
1 -0.829205
1.5 -0.855301
2 -0.797675
2.5 -0.661966
3 -0.46146
3.5 -0.215783
4 0.0510167
4.5 0.312822
5 0.544007
5.5 0.72194
6 0.829205
6.5 0.855301
7 0.797675
7.5 0.661966
8 0.46146
8.5 0.215783
9 -0.0510167
9.5 -0.312822
10 -0.544007
10.5 -0.72194
11 -0.829205
11.5 -0.855301
12 -0.797675
12.5 -0.661966
13 -0.46146
13.5 -0.215783
14 0.0510167
14.5 0.312822
15 0.544007
15.5 0.72194
16 0.829205
16.5 0.855301
17 0.797675
17.5 0.661966
18 0.46146
18.5 0.215783
19 -0.0510167
19.5 -0.312822
20 -0.544007


0 -0.405296
0.5 -0.61518
1 -0.764846
1.5 -0.839643
2 -0.83225
2.5 -0.743391
3 -0.581764
3.5 -0.363189
4 -0.109063
4.5 0.155739
5 0.405296
5.5 0.61518
6 0.764846
6.5 0.839643
7 0.83225
7.5 0.743391
8 0.581764
8.5 0.363189
9 0.109063
9.5 -0.155739
10 -0.405296
10.5 -0.61518
11 -0.764846
11.5 -0.839643
12 -0.83225
12.5 -0.743391
13 -0.581764
13.5 -0.363189
14 -0.109063
14.5 0.155739
15 0.405296
15.5 0.61518
16 0.764846
16.5 0.839643
17 0.83225
17.5 0.743391
18 0.581764
18.5 0.363189
19 0.109063
19.5 -0.155739
20 -0.405296


0 -0.255562
0.5 -0.48925
1 -0.675046
1.5 -0.794765
2 -0.836686
2.5 -0.796707
3 -0.67874
3.5 -0.494334
4 -0.261539
4.5 -0.00314227
5 0.255562
5.5 0.48925
6 0.675046
6.5 0.794765
7 0.836686
7.5 0.796707
8 0.67874
8.5 0.494334
9 0.261539
9.5 0.00314227
10 -0.255562
10.5 -0.48925
11 -0.675046
11.5 -0.794765
12 -0.836686
12.5 -0.796707
13 -0.67874
13.5 -0.494334
14 -0.261539
14.5 -0.00314227
15 0.255562
15.5 0.48925
16 0.675046
16.5 0.794765
17 0.836686
17.5 0.796707
18 0.67874
18.5 0.494334
19 0.261539
19.5 0.00314227
20 -0.255562


0 -0.100339
0.5 -0.349037
1 -0.563568
1.5 -0.722934
2 -0.811533
2.5 -0.820694
3 -0.74952
3.5 -0.604978
4 -0.401216
4.5 -0.15818
5 0.100339
5.5 0.349037
6 0.563568
6.5 0.722934
7 0.811533
7.5 0.820694
8 0.74952
8.5 0.604978
9 0.401216
9.5 0.15818
10 -0.100339
10.5 -0.349037
11 -0.563568
11.5 -0.722934
12 -0.811533
12.5 -0.820694
13 -0.74952
13.5 -0.604978
14 -0.401216
14.5 -0.15818
15 0.100339
15.5 0.349037
16 0.563568
16.5 0.722934
17 0.811533
17.5 0.820694
18 0.74952
18.5 0.604978
19 0.401216
19.5 0.15818
20 -0.100339


0 0.0547723
0.5 -0.199818
1 -0.434849
1.5 -0.627314
2 -0.758374
2.5 -0.815198
3 -0.792225
3.5 -0.691703
4 -0.523473
4.5 -0.304002
5 -0.0547723
5.5 0.199818
6 0.434849
6.5 0.627314
7 0.758374
7.5 0.815198
8 0.792225
8.5 0.691703
9 0.523473
9.5 0.304002
10 0.0547723
10.5 -0.199818
11 -0.434849
11.5 -0.627314
12 -0.758374
12.5 -0.815198
13 -0.792225
13.5 -0.691703
14 -0.523473
14.5 -0.304002
15 -0.0547723
15.5 0.199818
16 0.434849
16.5 0.627314
17 0.758374
17.5 0.815198
18 0.792225
18.5 0.691703
19 0.523473
19.5 0.304002
20 0.0547723


0 0.20431
0.5 -0.0470639
1 -0.293831
1.5 -0.511835
2 -0.679738
2.5 -0.781103
3 -0.806009
3.5 -0.752016
4 -0.624411
4.5 -0.435684
5 -0.20431
5.5 0.0470639
6 0.293831
6.5 0.511835
7 0.679738
7.5 0.781103
8 0.806009
8.5 0.752016
9 0.624411
9.5 0.435684
10 0.20431
10.5 -0.0470639
11 -0.293831
11.5 -0.511835
12 -0.679738
12.5 -0.781103
13 -0.806009
13.5 -0.752016
14 -0.624411
14.5 -0.435684
15 -0.20431
15.5 0.0470639
16 0.293831
16.5 0.511835
17 0.679738
17.5 0.781103
18 0.806009
18.5 0.752016
19 0.624411
19.5 0.435684
20 0.20431


0 0.343135
0.5 0.10376
1 -0.145771
1.5 -0.381033
2 -0.578997
2.5 -0.720284
3 -0.791065
3.5 -0.784412
4 -0.700974
4.5 -0.54892
5 -0.343135
5.5 -0.10376
6 0.145771
6.5 0.381033
7 0.578997
7.5 0.720284
8 0.791065
8.5 0.784412
9 0.700974
9.5 0.54892
10 0.343135
10.5 0.10376
11 -0.145771
11.5 -0.381033
12 -0.578997
12.5 -0.720284
13 -0.791065
13.5 -0.784412
14 -0.700974
14.5 -0.54892
15 -0.343135
15.5 -0.10376
16 0.145771
16.5 0.381033
17 0.578997
17.5 0.720284
18 0.791065
18.5 0.784412
19 0.700974
19.5 0.54892
20 0.343135


0 0.466606
0.5 0.247385
1 0.00394793
1.5 -0.239875
2 -0.460218
2.5 -0.635512
3 -0.748597
3.5 -0.788404
4 -0.751037
4.5 -0.640153
5 -0.466606
5.5 -0.247385
6 -0.00394793
6.5 0.239875
7 0.460218
7.5 0.635512
8 0.748597
8.5 0.788404
9 0.751037
9.5 0.640153
10 0.466606
10.5 0.247385
11 0.00394793
11.5 -0.239875
12 -0.460218
12.5 -0.635512
13 -0.748597
13.5 -0.788404
14 -0.751037
14.5 -0.640153
15 -0.466606
15.5 -0.247385
16 -0.00394793
16.5 0.239875
17 0.460218
17.5 0.635512
18 0.748597
18.5 0.788404
19 0.751037
19.5 0.640153
20 0.466606


0 0.570734
0.5 0.378918
1 0.15001
1.5 -0.0935814
2 -0.328013
2.5 -0.530336
3 -0.680746
3.5 -0.76452
4 -0.773457
4.5 -0.706683
5 -0.570734
5.5 -0.378918
6 -0.15001
6.5 0.0935814
7 0.328013
7.5 0.530336
8 0.680746
8.5 0.76452
9 0.773457
9.5 0.706683
10 0.570734
10.5 0.378918
11 0.15001
11.5 -0.0935814
12 -0.328013
12.5 -0.530336
13 -0.680746
13.5 -0.76452
14 -0.773457
14.5 -0.706683
15 -0.570734
15.5 -0.378918
16 -0.15001
16.5 0.0935814
17 0.328013
17.5 0.530336
18 0.680746
18.5 0.76452
19 0.773457
19.5 0.706683
20 0.570734


0 0.652303
0.5 0.494007
1 0.287355
1.5 0.0525735
2 -0.187354
2.5 -0.408942
3 -0.5905
3.5 -0.714255
4 -0.768094
4.5 -0.746747
5 -0.652303
5.5 -0.494007
6 -0.287355
6.5 -0.0525735
7 0.187354
7.5 0.408942
8 0.5905
8.5 0.714255
9 0.768094
9.5 0.746747
10 0.652303
10.5 0.494007
11 0.287355
11.5 0.0525735
12 -0.187354
12.5 -0.408942
13 -0.5905
13.5 -0.714255
14 -0.768094
14.5 -0.746747
15 -0.652303
15.5 -0.494007
16 -0.287355
16.5 -0.0525735
17 0.187354
17.5 0.408942
18 0.5905
18.5 0.714255
19 0.768094
19.5 0.746747
20 0.652303


0 0.70897
0.5 0.588985
1 0.411346
1.5 0.193442
2 -0.0433975
2.5 -0.275989
3 -0.481565
3.5 -0.640002
4 -0.735791
4.5 -0.759556
5 -0.70897
5.5 -0.588985
6 -0.411346
6.5 -0.193442
7 0.0433975
7.5 0.275989
8 0.481565
8.5 0.640002
9 0.735791
9.5 0.759556
10 0.70897
10.5 0.588985
11 0.411346
11.5 0.193442
12 -0.0433975
12.5 -0.275989
13 -0.481565
13.5 -0.640002
14 -0.735791
14.5 -0.759556
15 -0.70897
15.5 -0.588985
16 -0.411346
16.5 -0.193442
17 0.0433975
17.5 0.275989
18 0.481565
18.5 0.640002
19 0.735791
19.5 0.759556
20 0.70897


0 0.739321
0.5 0.660976
1 0.51793
1.5 0.324185
2 0.0987063
2.5 -0.136434
3 -0.358219
3.5 -0.54494
4 -0.678317
4.5 -0.745297
5 -0.739321
5.5 -0.660976
6 -0.51793
6.5 -0.324185
7 -0.0987063
7.5 0.136434
8 0.358219
8.5 0.54494
9 0.678317
9.5 0.745297
10 0.739321
10.5 0.660976
11 0.51793
11.5 0.324185
12 0.0987063
12.5 -0.136434
13 -0.358219
13.5 -0.54494
14 -0.678317
14.5 -0.745297
15 -0.739321
15.5 -0.660976
16 -0.51793
16.5 -0.324185
17 -0.0987063
17.5 0.136434
18 0.358219
18.5 0.54494
19 0.678317
19.5 0.745297
20 0.739321


0 0.742907
0.5 0.707983
1 0.603757
1.5 0.440432
2 0.233993
2.5 0.00465015
3 -0.225148
3.5 -0.432907
4 -0.598291
4.5 -0.705109
5 -0.742907
5.5 -0.707983
6 -0.603757
6.5 -0.440432
7 -0.233993
7.5 -0.00465015
8 0.225148
8.5 0.432907
9 0.598291
9.5 0.705109
10 0.742907
10.5 0.707983
11 0.603757
11.5 0.440432
12 0.233993
12.5 0.00465015
13 -0.225148
13.5 -0.432907
14 -0.598291
14.5 -0.705109
15 -0.742907
15.5 -0.707983
16 -0.603757
16.5 -0.440432
17 -0.233993
17.5 -0.00465015
18 0.225148
18.5 0.432907
19 0.598291
19.5 0.705109
20 0.742907


0 0.720228
0.5 0.728937
1 0.666293
1.5 0.538427
2 0.357856
2.5 0.142256
3 -0.0872692
3.5 -0.308252
4 -0.499061
4.5 -0.641018
5 -0.720228
5.5 -0.728937
6 -0.666293
6.5 -0.538427
7 -0.357856
7.5 -0.142256
8 0.0872692
8.5 0.308252
9 0.499061
9.5 0.641018
10 0.720228
10.5 0.728937
11 0.666293
11.5 0.538427
12 0.357856
12.5 0.142256
13 -0.0872692
13.5 -0.308252
14 -0.499061
14.5 -0.641018
15 -0.720228
15.5 -0.728937
16 -0.666293
16.5 -0.538427
17 -0.357856
17.5 -0.142256
18 0.0872692
18.5 0.308252
19 0.499061
19.5 0.641018
20 0.720228


0 0.672702
0.5 0.723712
1 0.703879
1.5 0.615147
2 0.466199
2.5 0.271616
3 0.050446
3.5 -0.175662
4 -0.384575
4.5 -0.555844
5 -0.672702
5.5 -0.723712
6 -0.703879
6.5 -0.615147
7 -0.466199
7.5 -0.271616
8 -0.050446
8.5 0.175662
9 0.384575
9.5 0.555844
10 0.672702
10.5 0.723712
11 0.703879
11.5 0.615147
12 0.466199
12.5 0.271616
13 0.050446
13.5 -0.175662
14 -0.384575
14.5 -0.555844
15 -0.672702
15.5 -0.723712
16 -0.703879
16.5 -0.615147
17 -0.466199
17.5 -0.271616
18 -0.050446
18.5 0.175662
19 0.384575
19.5 0.555844
20 0.672702


0 0.602587
0.5 0.693106
1 0.715779
1.5 0.668386
2 0.555567
2.5 0.388366
3 0.183148
3.5 -0.0399973
4 -0.259228
4.5 -0.453083
5 -0.602587
5.5 -0.693106
6 -0.715779
6.5 -0.668386
7 -0.555567
7.5 -0.388366
8 -0.183148
8.5 0.0399973
9 0.259228
9.5 0.453083
10 0.602587
10.5 0.693106
11 0.715779
11.5 0.668386
12 0.555567
12.5 0.388366
13 0.183148
13.5 -0.0399973
14 -0.259228
14.5 -0.453083
15 -0.602587
15.5 -0.693106
16 -0.715779
16.5 -0.668386
17 -0.555567
17.5 -0.388366
18 -0.183148
18.5 0.0399973
19 0.259228
19.5 0.453083
20 0.602587


0 0.512885
0.5 0.638795
1 0.702175
1.5 0.696822
2 0.623259
2.5 0.488687
3 0.306279
3.5 0.0938899
4 -0.127689
4.5 -0.33677
5 -0.512885
5.5 -0.638795
6 -0.702175
6.5 -0.696822
7 -0.623259
7.5 -0.488687
8 -0.306279
8.5 -0.0938899
9 0.127689
9.5 0.33677
10 0.512885
10.5 0.638795
11 0.702175
11.5 0.696822
12 0.623259
12.5 0.488687
13 0.306279
13.5 0.0938899
14 -0.127689
14.5 -0.33677
15 -0.512885
15.5 -0.638795
16 -0.702175
16.5 -0.696822
17 -0.623259
17.5 -0.488687
18 -0.306279
18.5 -0.0938899
19 0.127689
19.5 0.33677
20 0.512885


0 0.407216
0.5 0.563249
1 0.664147
1.5 0.700034
2 0.667397
2.5 0.56943
3 0.415724
3.5 0.221323
4 0.00525818
4.5 -0.211322
5 -0.407216
5.5 -0.563249
6 -0.664147
6.5 -0.700034
7 -0.667397
7.5 -0.56943
8 -0.415724
8.5 -0.221323
9 -0.00525818
9.5 0.211322
10 0.407216
10.5 0.563249
11 0.664147
11.5 0.700034
12 0.667397
12.5 0.56943
13 0.415724
13.5 0.221323
14 0.00525818
14.5 -0.211322
15 -0.407216
15.5 -0.563249
16 -0.664147
16.5 -0.700034
17 -0.667397
17.5 -0.56943
18 -0.415724
18.5 -0.221323
19 -0.00525818
19.5 0.211322
20 0.407216


0 0.289679
0.5 0.469629
1 0.603608
1.5 0.678502
2 0.686979
2.5 0.62821
3 0.507947
3.5 0.337963
4 0.134897
4.5 -0.0813737
5 -0.289679
5.5 -0.469629
6 -0.603608
6.5 -0.678502
7 -0.686979
7.5 -0.62821
8 -0.507947
8.5 -0.337963
9 -0.134897
9.5 0.0813737
10 0.289679
10.5 0.469629
11 0.603608
11.5 0.678502
12 0.686979
12.5 0.62821
13 0.507947
13.5 0.337963
14 0.134897
14.5 -0.0813737
15 -0.289679
15.5 -0.469629
16 -0.603608
16.5 -0.678502
17 -0.686979
17.5 -0.62821
18 -0.507947
18.5 -0.337963
19 -0.134897
19.5 0.0813737
20 0.289679


0 0.164696
0.5 0.361659
1 0.52322
1.5 0.633565
2 0.681893
2.5 0.663471
3 0.580105
3.5 0.439954
4 0.256737
4.5 0.0483888
5 -0.164696
5.5 -0.361659
6 -0.52322
6.5 -0.633565
7 -0.681893
7.5 -0.663471
8 -0.580105
8.5 -0.439954
9 -0.256737
9.5 -0.0483888
10 0.164696
10.5 0.361659
11 0.52322
11.5 0.633565
12 0.681893
12.5 0.663471
13 0.580105
13.5 0.439954
14 0.256737
14.5 0.0483888
15 -0.164696
15.5 -0.361659
16 -0.52322
16.5 -0.633565
17 -0.681893
17.5 -0.663471
18 -0.580105
18.5 -0.439954
19 -0.256737
19.5 -0.0483888
20 0.164696


0 0.0368451
0.5 0.243481
1 0.426284
1.5 0.567358
2 0.652896
2.5 0.674524
3 0.630125
3.5 0.524044
4 0.366667
4.5 0.173398
5 -0.0368451
5.5 -0.243481
6 -0.426284
6.5 -0.567358
7 -0.652896
7.5 -0.674524
8 -0.630125
8.5 -0.524044
9 -0.366667
9.5 -0.173398
10 0.0368451
10.5 0.243481
11 0.426284
11.5 0.567358
12 0.652896
12.5 0.674524
13 0.630125
13.5 0.524044
14 0.366667
14.5 0.173398
15 -0.0368451
15.5 -0.243481
16 -0.426284
16.5 -0.567358
17 -0.652896
17.5 -0.674524
18 -0.630125
18.5 -0.524044
19 -0.366667
19.5 -0.173398
20 0.0368451


0 -0.0893006
0.5 0.119499
1 0.316602
1.5 0.482714
2 0.601574
2.5 0.661547
3 0.656764
3.5 0.587693
4 0.461093
4.5 0.289359
5 0.0893006
5.5 -0.119499
6 -0.316602
6.5 -0.482714
7 -0.601574
7.5 -0.661547
8 -0.656764
8.5 -0.587693
9 -0.461093
9.5 -0.289359
10 -0.0893006
10.5 0.119499
11 0.316602
11.5 0.482714
12 0.601574
12.5 0.661547
13 0.656764
13.5 0.587693
14 0.461093
14.5 0.289359
15 0.0893006
15.5 -0.119499
16 -0.316602
16.5 -0.482714
17 -0.601574
17.5 -0.661547
18 -0.656764
18.5 -0.587693
19 -0.461093
19.5 -0.289359
20 -0.0893006


0 -0.209336
0.5 -0.00578055
1 0.198341
1.5 0.383047
2 0.530258
2.5 0.625563
3 0.659634
3.5 0.629136
4 0.537053
4.5 0.3924
5 0.209336
5.5 0.00578055
6 -0.198341
6.5 -0.383047
7 -0.530258
7.5 -0.625563
8 -0.659634
8.5 -0.629136
9 -0.537053
9.5 -0.3924
10 -0.209336
10.5 -0.00578055
11 0.198341
11.5 0.383047
12 0.530258
12.5 0.625563
13 0.659634
13.5 0.629136
14 0.537053
14.5 0.3924
15 0.209336
15.5 0.00578055
16 -0.198341
16.5 -0.383047
17 -0.530258
17.5 -0.625563
18 -0.659634
18.5 -0.629136
19 -0.537053
19.5 -0.3924
20 -0.209336


0 -0.319174
0.5 -0.127914
1 0.0758679
1.5 0.272223
2 0.441931
2.5 0.56838
3 0.639192
3.5 0.647435
4 0.592303
4.5 0.479192
5 0.319174
5.5 0.127914
6 -0.0758679
6.5 -0.272223
7 -0.441931
7.5 -0.56838
8 -0.639192
8.5 -0.647435
9 -0.592303
9.5 -0.479192
10 -0.319174
10.5 -0.127914
11 0.0758679
11.5 0.272223
12 0.441931
12.5 0.56838
13 0.639192
13.5 0.647435
14 0.592303
14.5 0.479192
15 0.319174
15.5 0.127914
16 -0.0758679
16.5 -0.272223
17 -0.441931
17.5 -0.56838
18 -0.639192
18.5 -0.647435
19 -0.592303
19.5 -0.479192
20 -0.319174


0 -0.415185
0.5 -0.24267
1 -0.0464011
1.5 0.15441
2 0.340106
2.5 0.49251
3 0.596704
3.5 0.642489
4 0.625382
4.5 0.547058
5 0.415185
5.5 0.24267
6 0.0464011
6.5 -0.15441
7 -0.340106
7.5 -0.49251
8 -0.596704
8.5 -0.642489
9 -0.625382
9.5 -0.547058
10 -0.415185
10.5 -0.24267
11 -0.0464011
11.5 0.15441
12 0.340106
12.5 0.49251
13 0.596704
13.5 0.642489
14 0.625382
14.5 0.547058
15 0.415185
15.5 0.24267
16 0.0464011
16.5 -0.15441
17 -0.340106
17.5 -0.49251
18 -0.596704
18.5 -0.642489
19 -0.625382
19.5 -0.547058
20 -0.415185


0 -0.494309
0.5 -0.346179
1 -0.164162
1.5 0.0339233
2 0.228688
2.5 0.401068
3 0.534188
3.5 0.615018
4 0.635646
4.5 0.594052
5 0.494309
5.5 0.346179
6 0.164162
6.5 -0.0339233
7 -0.228688
7.5 -0.401068
8 -0.534188
8.5 -0.615018
9 -0.635646
9.5 -0.594052
10 -0.494309
10.5 -0.346179
11 -0.164162
11.5 0.0339233
12 0.228688
12.5 0.401068
13 0.534188
13.5 0.615018
14 0.635646
14.5 0.594052
15 0.494309
15.5 0.346179
16 0.164162
16.5 -0.0339233
17 -0.228688
17.5 -0.401068
18 -0.534188
18.5 -0.615018
19 -0.635646
19.5 -0.594052
20 -0.494309


0 -0.554155
0.5 -0.435057
1 -0.273372
1.5 -0.0849281
2 0.111829
2.5 0.29764
3 0.454316
3.5 0.56652
4 0.623269
4.5 0.619009
5 0.554155
5.5 0.435057
6 0.273372
6.5 0.0849281
7 -0.111829
7.5 -0.29764
8 -0.454316
8.5 -0.56652
9 -0.623269
9.5 -0.619009
10 -0.554155
10.5 -0.435057
11 -0.273372
11.5 -0.0849281
12 0.111829
12.5 0.29764
13 0.454316
13.5 0.56652
14 0.623269
14.5 0.619009
15 0.554155
15.5 0.435057
16 0.273372
16.5 0.0849281
17 -0.111829
17.5 -0.29764
18 -0.454316
18.5 -0.56652
19 -0.623269
19.5 -0.619009
20 -0.554155


0 -0.593067
0.5 -0.506516
1 -0.370383
1.5 -0.197995
2 -0.00622513
2.5 0.186154
3 0.360311
3.5 0.499198
4 0.58922
4.5 0.621565
5 0.593067
5.5 0.506516
6 0.370383
6.5 0.197995
7 0.00622513
7.5 -0.186154
8 -0.360311
8.5 -0.499198
9 -0.58922
9.5 -0.621565
10 -0.593067
10.5 -0.506516
11 -0.370383
11.5 -0.197995
12 -0.00622513
12.5 0.186154
13 0.360311
13.5 0.499198
14 0.58922
14.5 0.621565
15 0.593067
15.5 0.506516
16 0.370383
16.5 0.197995
17 0.00622513
17.5 -0.186154
18 -0.360311
18.5 -0.499198
19 -0.58922
19.5 -0.621565
20 -0.593067


0 -0.610166
0.5 -0.558447
1 -0.452063
1.5 -0.301428
2 -0.121287
2.5 0.0707264
3 0.255816
3.5 0.415865
4 0.535207
4.5 0.602158
5 0.610166
5.5 0.558447
6 0.452063
6.5 0.301428
7 0.121287
7.5 -0.0707264
8 -0.255816
8.5 -0.415865
9 -0.535207
9.5 -0.602158
10 -0.610166
10.5 -0.558447
11 -0.452063
11.5 -0.301428
12 -0.121287
12.5 0.0707264
13 0.255816
13.5 0.415865
14 0.535207
14.5 0.602158
15 0.610166
15.5 0.558447
16 0.452063
16.5 0.301428
17 0.121287
17.5 -0.0707264
18 -0.255816
18.5 -0.415865
19 -0.535207
19.5 -0.602158
20 -0.610166


0 -0.605361
0.5 -0.589478
1 -0.515893
1.5 -0.391809
2 -0.229371
2.5 -0.0444815
3 0.144762
3.5 0.319836
4 0.463602
4.5 0.561987
5 0.605361
5.5 0.589478
6 0.515893
6.5 0.391809
7 0.229371
7.5 0.0444815
8 -0.144762
8.5 -0.319836
9 -0.463602
9.5 -0.561987
10 -0.605361
10.5 -0.589478
11 -0.515893
11.5 -0.391809
12 -0.229371
12.5 -0.0444815
13 0.144762
13.5 0.319836
14 0.463602
14.5 0.561987
15 0.605361
15.5 0.589478
16 0.515893
16.5 0.391809
17 0.229371
17.5 0.0444815
18 -0.144762
18.5 -0.319836
19 -0.463602
19.5 -0.561987
20 -0.605361


0 -0.579337
0.5 -0.599008
1 -0.560044
1.5 -0.466259
2 -0.326834
2.5 -0.155415
3 0.0312161
3.5 0.214792
4 0.377342
4.5 0.502956
5 0.579337
5.5 0.599008
6 0.560044
6.5 0.466259
7 0.326834
7.5 0.155415
8 -0.0312161
8.5 -0.214792
9 -0.377342
9.5 -0.502956
10 -0.579337
10.5 -0.599008
11 -0.560044
11.5 -0.466259
12 -0.326834
12.5 -0.155415
13 0.0312161
13.5 0.214792
14 0.377342
14.5 0.502956
15 0.579337
15.5 0.599008
16 0.560044
16.5 0.466259
17 0.326834
17.5 0.155415
18 -0.0312161
18.5 -0.214792
19 -0.377342
19.5 -0.502956
20 -0.579337


0 -0.533508
0.5 -0.587205
1 -0.583422
1.5 -0.52253
2 -0.410489
2.5 -0.258266
3 -0.0807628
3.5 0.104646
4 0.279812
4.5 0.427588
5 0.533508
5.5 0.587205
6 0.583422
6.5 0.52253
7 0.410489
7.5 0.258266
8 0.0807628
8.5 -0.104646
9 -0.279812
9.5 -0.427588
10 -0.533508
10.5 -0.587205
11 -0.583422
11.5 -0.52253
12 -0.410489
12.5 -0.258266
13 -0.0807628
13.5 0.104646
14 0.279812
14.5 0.427588
15 0.533508
15.5 0.587205
16 0.583422
16.5 0.52253
17 0.410489
17.5 0.258266
18 0.0807628
18.5 -0.104646
19 -0.279812
19.5 -0.427588
20 -0.533508


0 -0.469956
0.5 -0.554987
1 -0.585692
1.5 -0.559065
2 -0.477714
2.5 -0.3496
3 -0.187265
3.5 -0.00659914
4 0.174713
4.5 0.338922
5 0.469956
5.5 0.554987
6 0.585692
6.5 0.559065
7 0.477714
7.5 0.3496
8 0.187265
8.5 0.00659914
9 -0.174713
9.5 -0.338922
10 -0.469956
10.5 -0.554987
11 -0.585692
11.5 -0.559065
12 -0.477714
12.5 -0.3496
13 -0.187265
13.5 -0.00659914
14 0.174713
14.5 0.338922
15 0.469956
15.5 0.554987
16 0.585692
16.5 0.559065
17 0.477714
17.5 0.3496
18 0.187265
18.5 0.00659914
19 -0.174713
19.5 -0.338922
20 -0.469956


0 -0.391336
0.5 -0.503968
1 -0.567269
1.5 -0.575041
2 -0.526525
2.5 -0.426468
3 -0.284666
3.5 -0.114999
4 0.0659256
4.5 0.240397
5 0.391336
5.5 0.503968
6 0.567269
6.5 0.575041
7 0.526525
7.5 0.426468
8 0.284666
8.5 0.114999
9 -0.0659256
9.5 -0.240397
10 -0.391336
10.5 -0.503968
11 -0.567269
11.5 -0.575041
12 -0.526525
12.5 -0.426468
13 -0.284666
13.5 -0.114999
14 0.0659256
14.5 0.240397
15 0.391336
15.5 0.503968
16 0.567269
16.5 0.575041
17 0.526525
17.5 0.426468
18 0.284666
18.5 0.114999
19 -0.0659256
19.5 -0.240397
20 -0.391336


0 -0.300772
0.5 -0.436389
1 -0.529289
1.5 -0.570378
2 -0.555635
2.5 -0.486502
3 -0.369747
3.5 -0.216799
4 -0.0426289
4.5 0.135714
5 0.300772
5.5 0.436389
6 0.529289
6.5 0.570378
7 0.555635
7.5 0.486502
8 0.369747
8.5 0.216799
9 0.0426289
9.5 -0.135714
10 -0.300772
10.5 -0.436389
11 -0.529289
11.5 -0.570378
12 -0.555635
12.5 -0.486502
13 -0.369747
13.5 -0.216799
14 -0.0426289
14.5 0.135714
15 0.300772
15.5 0.436389
16 0.529289
16.5 0.570378
17 0.555635
17.5 0.486502
18 0.369747
18.5 0.216799
19 0.0426289
19.5 -0.135714
20 -0.300772


0 -0.201737
0.5 -0.355019
1 -0.473549
1.5 -0.545724
2 -0.564481
2.5 -0.527982
3 -0.4398
3.5 -0.308568
4 -0.147131
4.5 0.0287082
5 0.201737
5.5 0.355019
6 0.473549
6.5 0.545724
7 0.564481
7.5 0.527982
8 0.4398
8.5 0.308568
9 0.147131
9.5 -0.0287082
10 -0.201737
10.5 -0.355019
11 -0.473549
11.5 -0.545724
12 -0.564481
12.5 -0.527982
13 -0.4398
13.5 -0.308568
14 -0.147131
14.5 0.0287082
15 0.201737
15.5 0.355019
16 0.473549
16.5 0.545724
17 0.564481
17.5 0.527982
18 0.4398
18.5 0.308568
19 0.147131
19.5 -0.0287082
20 -0.201737


0 -0.0979198
0.5 -0.26305
1 -0.402431
1.5 -0.502419
2 -0.553227
2.5 -0.549881
3 -0.492709
3.5 -0.387307
4 -0.243993
4.5 -0.0767953
5 0.0979198
5.5 0.26305
6 0.402431
6.5 0.502419
7 0.553227
7.5 0.549881
8 0.492709
8.5 0.387307
9 0.243993
9.5 0.0767953
10 -0.0979198
10.5 -0.26305
11 -0.402431
11.5 -0.502419
12 -0.553227
12.5 -0.549881
13 -0.492709
13.5 -0.387307
14 -0.243993
14.5 -0.0767953
15 0.0979198
15.5 0.26305
16 0.402431
16.5 0.502419
17 0.553227
17.5 0.549881
18 0.492709
18.5 0.387307
19 0.243993
19.5 0.0767953
20 -0.0979198


0 0.00690925
0.5 -0.163972
1 -0.318802
1.5 -0.442426
2 -0.522742
2.5 -0.551889
3 -0.527012
3.5 -0.450548
4 -0.329982
4.5 -0.177114
5 -0.00690925
5.5 0.163972
6 0.318802
6.5 0.442426
7 0.522742
7.5 0.551889
8 0.527012
8.5 0.450548
9 0.329982
9.5 0.177114
10 0.00690925
10.5 -0.163972
11 -0.318802
11.5 -0.442426
12 -0.522742
12.5 -0.551889
13 -0.527012
13.5 -0.450548
14 -0.329982
14.5 -0.177114
15 -0.00690925
15.5 0.163972
16 0.318802
16.5 0.442426
17 0.522742
17.5 0.551889
18 0.527012
18.5 0.450548
19 0.329982
19.5 0.177114
20 0.00690925


0 0.109032
0.5 -0.0614432
1 -0.225904
1.5 -0.368252
2 -0.474553
2.5 -0.534401
3 -0.541938
3.5 -0.496427
4 -0.402322
4.5 -0.268835
5 -0.109032
5.5 0.0614432
6 0.225904
6.5 0.368252
7 0.474553
7.5 0.534401
8 0.541938
8.5 0.496427
9 0.402322
9.5 0.268835
10 0.109032
10.5 -0.0614432
11 -0.225904
11.5 -0.368252
12 -0.474553
12.5 -0.534401
13 -0.541938
13.5 -0.496427
14 -0.402322
14.5 -0.268835
15 -0.109032
15.5 0.0614432
16 0.225904
16.5 0.368252
17 0.474553
17.5 0.534401
18 0.541938
18.5 0.496427
19 0.402322
19.5 0.268835
20 0.109032


0 0.204914
0.5 0.040842
1 -0.127228
1.5 -0.282843
2 -0.410772
2.5 -0.498492
3 -0.537416
3.5 -0.523734
4 -0.458785
4.5 -0.348927
5 -0.204914
5.5 -0.040842
6 0.127228
6.5 0.282843
7 0.410772
7.5 0.498492
8 0.537416
8.5 0.523734
9 0.458785
9.5 0.348927
10 0.204914
10.5 0.040842
11 -0.127228
11.5 -0.282843
12 -0.410772
12.5 -0.498492
13 -0.537416
13.5 -0.523734
14 -0.458785
14.5 -0.348927
15 -0.204914
15.5 -0.040842
16 0.127228
16.5 0.282843
17 0.410772
17.5 0.498492
18 0.537416
18.5 0.523734
19 0.458785
19.5 0.348927
20 0.204914


0 0.291322
0.5 0.139285
1 -0.0263858
1.5 -0.189474
2 -0.334015
2.5 -0.44586
3 -0.514061
3.5 -0.531943
4 -0.497754
4.5 -0.414842
5 -0.291322
5.5 -0.139285
6 0.0263858
6.5 0.189474
7 0.334015
7.5 0.44586
8 0.514061
8.5 0.531943
9 0.497754
9.5 0.414842
10 0.291322
10.5 0.139285
11 -0.0263858
11.5 -0.189474
12 -0.334015
12.5 -0.44586
13 -0.514061
13.5 -0.531943
14 -0.497754
14.5 -0.414842
15 -0.291322
15.5 -0.139285
16 0.0263858
16.5 0.189474
17 0.334015
17.5 0.44586
18 0.514061
18.5 0.531943
19 0.497754
19.5 0.414842
20 0.291322


0 0.365434
0.5 0.230507
1 0.0730167
1.5 -0.091621
2 -0.24729
2.5 -0.378753
3 -0.473141
3.5 -0.521214
4 -0.518267
4.5 -0.464589
5 -0.365434
5.5 -0.230507
6 -0.0730167
6.5 0.091621
7 0.24729
7.5 0.378753
8 0.473141
8.5 0.521214
9 0.518267
9.5 0.464589
10 0.365434
10.5 0.230507
11 0.0730167
11.5 -0.091621
12 -0.24729
12.5 -0.378753
13 -0.473141
13.5 -0.521214
14 -0.518267
14.5 -0.464589
15 -0.365434
15.5 -0.230507
16 -0.0730167
16.5 0.091621
17 0.24729
17.5 0.378753
18 0.473141
18.5 0.521214
19 0.518267
19.5 0.464589
20 0.365434


0 0.424927
0.5 0.311463
1 0.167511
1.5 0.0071616
2 -0.153889
2.5 -0.299875
3 -0.416508
3.5 -0.49237
4 -0.520035
4.5 -0.496796
5 -0.424927
5.5 -0.311463
6 -0.167511
6.5 -0.0071616
7 0.153889
7.5 0.299875
8 0.416508
8.5 0.49237
9 0.520035
9.5 0.496796
10 0.424927
10.5 0.311463
11 0.167511
11.5 0.0071616
12 -0.153889
12.5 -0.299875
13 -0.416508
13.5 -0.49237
14 -0.520035
14.5 -0.496796
15 -0.424927
15.5 -0.311463
16 -0.167511
16.5 -0.0071616
17 0.153889
17.5 0.299875
18 0.416508
18.5 0.49237
19 0.520035
19.5 0.496796
20 0.424927


0 0.468048
0.5 0.379541
1 0.253882
1.5 0.103371
2 -0.0572585
2.5 -0.212283
3 -0.346528
3.5 -0.446853
4 -0.503436
4.5 -0.51074
5 -0.468048
5.5 -0.379541
6 -0.253882
6.5 -0.103371
7 0.0572585
7.5 0.212283
8 0.346528
8.5 0.446853
9 0.503436
9.5 0.51074
10 0.468048
10.5 0.379541
11 0.253882
11.5 0.103371
12 -0.0572585
12.5 -0.212283
13 -0.346528
13.5 -0.446853
14 -0.503436
14.5 -0.51074
15 -0.468048
15.5 -0.379541
16 -0.253882
16.5 -0.103371
17 0.0572585
17.5 0.212283
18 0.346528
18.5 0.446853
19 0.503436
19.5 0.51074
20 0.468048


0 0.493663
0.5 0.432646
1 0.329278
1.5 0.193678
2 0.0391193
2.5 -0.119268
3 -0.265981
3.5 -0.386658
4 -0.469486
4.5 -0.506357
5 -0.493663
5.5 -0.432646
6 -0.329278
6.5 -0.193678
7 -0.0391193
7.5 0.119268
8 0.265981
8.5 0.386658
9 0.469486
9.5 0.506357
10 0.493663
10.5 0.432646
11 0.329278
11.5 0.193678
12 0.0391193
12.5 -0.119268
13 -0.265981
13.5 -0.386658
14 -0.469486
14.5 -0.506357
15 -0.493663
15.5 -0.432646
16 -0.329278
16.5 -0.193678
17 -0.0391193
17.5 0.119268
18 0.265981
18.5 0.386658
19 0.469486
19.5 0.506357
20 0.493663


0 0.50128
0.5 0.469256
1 0.391298
1.5 0.275038
2 0.131854
2.5 -0.0242358
3 -0.177954
3.5 -0.314252
4 -0.419789
4.5 -0.484235
5 -0.50128
5.5 -0.469256
6 -0.391298
6.5 -0.275038
7 -0.131854
7.5 0.0242358
8 0.177954
8.5 0.314252
9 0.419789
9.5 0.484235
10 0.50128
10.5 0.469256
11 0.391298
11.5 0.275038
12 0.131854
12.5 -0.0242358
13 -0.177954
13.5 -0.314252
14 -0.419789
14.5 -0.484235
15 -0.50128
15.5 -0.469256
16 -0.391298
16.5 -0.275038
17 -0.131854
17.5 0.0242358
18 0.177954
18.5 0.314252
19 0.419789
19.5 0.484235
20 0.50128


0 0.491053
0.5 0.48847
1 0.438073
1.5 0.344794
2 0.217764
2.5 0.0694183
3 -0.0857229
3.5 -0.232473
4 -0.356467
4.5 -0.445567
5 -0.491053
5.5 -0.48847
6 -0.438073
6.5 -0.344794
7 -0.217764
7.5 -0.0694183
8 0.0857229
8.5 0.232473
9 0.356467
9.5 0.445567
10 0.491053
10.5 0.48847
11 0.438073
11.5 0.344794
12 0.217764
12.5 0.0694183
13 -0.0857229
13.5 -0.232473
14 -0.356467
14.5 -0.445567
15 -0.491053
15.5 -0.48847
16 -0.438073
16.5 -0.344794
17 -0.217764
17.5 -0.0694183
18 0.0857229
18.5 0.232473
19 0.356467
19.5 0.445567
20 0.491053


0 0.463761
0.5 0.49002
1 0.468311
1.5 0.400761
2 0.293982
2.5 0.158426
3 0.00736181
3.5 -0.144423
4 -0.282071
4.5 -0.392107
5 -0.463761
5.5 -0.49002
6 -0.468311
6.5 -0.400761
7 -0.293982
7.5 -0.158426
8 -0.00736181
8.5 0.144423
9 0.282071
9.5 0.392107
10 0.463761
10.5 0.49002
11 0.468311
11.5 0.400761
12 0.293982
12.5 0.158426
13 0.00736181
13.5 -0.144423
14 -0.282071
14.5 -0.392107
15 -0.463761
15.5 -0.49002
16 -0.468311
16.5 -0.400761
17 -0.293982
17.5 -0.158426
18 -0.00736181
18.5 0.144423
19 0.282071
19.5 0.392107
20 0.463761


0 0.420769
0.5 0.474265
1 0.481336
1.5 0.441291
2 0.35805
2.5 0.23976
3 0.0980003
3.5 -0.0533521
4 -0.199482
4.5 -0.326085
5 -0.420769
5.5 -0.474265
6 -0.481336
6.5 -0.441291
7 -0.35805
7.5 -0.23976
8 -0.0980003
8.5 0.0533521
9 0.199482
9.5 0.326085
10 0.420769
10.5 0.474265
11 0.481336
11.5 0.441291
12 0.35805
12.5 0.23976
13 0.0980003
13.5 -0.0533521
14 -0.199482
14.5 -0.326085
15 -0.420769
15.5 -0.474265
16 -0.481336
16.5 -0.441291
17 -0.35805
17.5 -0.23976
18 -0.0980003
18.5 0.0533521
19 0.199482
19.5 0.326085
20 0.420769


0 0.363959
0.5 0.442167
1 0.477093
1.5 0.465318
2 0.407995
2.5 0.310734
3 0.183056
3.5 0.0374593
4 -0.111804
4.5 -0.250123
5 -0.363959
5.5 -0.442167
6 -0.477093
6.5 -0.465318
7 -0.407995
7.5 -0.310734
8 -0.183056
8.5 -0.0374593
9 0.111804
9.5 0.250123
10 0.363959
10.5 0.442167
11 0.477093
11.5 0.465318
12 0.407995
12.5 0.310734
13 0.183056
13.5 0.0374593
14 -0.111804
14.5 -0.250123
15 -0.363959
15.5 -0.442167
16 -0.477093
16.5 -0.465318
17 -0.407995
17.5 -0.310734
18 -0.183056
18.5 -0.0374593
19 0.111804
19.5 0.250123
20 0.363959


0 0.295657
0.5 0.395242
1 0.456138
1.5 0.472383
2 0.442389
2.5 0.36909
3 0.259663
3.5 0.124817
4 -0.022246
4.5 -0.167132
5 -0.295657
5.5 -0.395242
6 -0.456138
6.5 -0.472383
7 -0.442389
7.5 -0.36909
8 -0.259663
8.5 -0.124817
9 0.022246
9.5 0.167132
10 0.295657
10.5 0.395242
11 0.456138
11.5 0.472383
12 0.442389
12.5 0.36909
13 0.259663
13.5 0.124817
14 -0.022246
14.5 -0.167132
15 -0.295657
15.5 -0.395242
16 -0.456138
16.5 -0.472383
17 -0.442389
17.5 -0.36909
18 -0.259663
18.5 -0.124817
19 0.022246
19.5 0.167132
20 0.295657


0 0.218542
0.5 0.335491
1 0.4196
1.5 0.462636
2 0.460386
2.5 0.413069
3 0.325319
3.5 0.205724
4 0.065992
4.5 -0.0802003
5 -0.218542
5.5 -0.335491
6 -0.4196
6.5 -0.462636
7 -0.460386
7.5 -0.413069
8 -0.325319
8.5 -0.205724
9 -0.065992
9.5 0.0802003
10 0.218542
10.5 0.335491
11 0.4196
11.5 0.462636
12 0.460386
12.5 0.413069
13 0.325319
13.5 0.205724
14 0.065992
14.5 -0.0802003
15 -0.218542
15.5 -0.335491
16 -0.4196
16.5 -0.462636
17 -0.460386
17.5 -0.413069
18 -0.325319
18.5 -0.205724
19 -0.065992
19.5 0.0802003
20 0.218542


0 0.135537
0.5 0.265322
1 0.369135
1.5 0.436815
2 0.461736
2.5 0.441459
3 0.377969
3.5 0.277481
4 0.149831
4.5 0.00751506
5 -0.135537
5.5 -0.265322
6 -0.369135
6.5 -0.436815
7 -0.461736
7.5 -0.441459
8 -0.377969
8.5 -0.277481
9 -0.149831
9.5 -0.00751506
10 0.135537
10.5 0.265322
11 0.369135
11.5 0.436815
12 0.461736
12.5 0.441459
13 0.377969
13.5 0.277481
14 0.149831
14.5 0.00751506
15 -0.135537
15.5 -0.265322
16 -0.369135
16.5 -0.436815
17 -0.461736
17.5 -0.441459
18 -0.377969
18.5 -0.277481
19 -0.149831
19.5 -0.00751506
20 0.135537


0 0.0497058
0.5 0.187451
1 0.306847
1.5 0.396207
2 0.446783
2.5 0.453625
3 0.416063
3.5 0.337774
4 0.226421
4.5 0.0929049
5 -0.0497058
5.5 -0.187451
6 -0.306847
6.5 -0.396207
7 -0.446783
7.5 -0.453625
8 -0.416063
8.5 -0.337774
9 -0.226421
9.5 -0.0929049
10 0.0497058
10.5 0.187451
11 0.306847
11.5 0.396207
12 0.446783
12.5 0.453625
13 0.416063
13.5 0.337774
14 0.226421
14.5 0.0929049
15 -0.0497058
15.5 -0.187451
16 -0.306847
16.5 -0.396207
17 -0.446783
17.5 -0.453625
18 -0.416063
18.5 -0.337774
19 -0.226421
19.5 -0.0929049
20 0.0497058


0 -0.0358606
0.5 0.104804
1 0.235209
1.5 0.342591
2 0.416437
2.5 0.44952
3 0.4386
3.5 0.384748
4 0.293233
4.5 0.173015
5 0.0358606
5.5 -0.104804
6 -0.235209
6.5 -0.342591
7 -0.416437
7.5 -0.44952
8 -0.4386
8.5 -0.384748
9 -0.293233
9.5 -0.173015
10 -0.0358606
10.5 0.104804
11 0.235209
11.5 0.342591
12 0.416437
12.5 0.44952
13 0.4386
13.5 0.384748
14 0.293233
14.5 0.173015
15 0.0358606
15.5 -0.104804
16 -0.235209
16.5 -0.342591
17 -0.416437
17.5 -0.44952
18 -0.4386
18.5 -0.384748
19 -0.293233
19.5 -0.173015
20 -0.0358606


